20
5034
9264
1 16 4
1 60 1
1 108 1
1 123 1
1 188 1
1 227 1
1 228 3
1 229 5
1 259 16
1 260 1
1 264 4
1 265 2
1 267 3
1 270 1
1 274 1
1 287 1
1 294 1
1 303 1
1 323 1
1 325 1
1 327 5
1 334 5
1 354 1
1 363 1
1 369 5
1 382 1
1 383 2
1 393 1
1 403 1
1 407 1
1 408 1
1 450 2
1 451 3
1 452 1
1 462 2
1 474 2
1 476 1
1 483 1
1 488 2
1 500 1
1 509 1
1 511 10
1 512 1
1 515 9
1 538 1
1 549 1
1 562 1
1 570 2
1 572 1
1 573 2
1 577 6
1 578 1
1 579 2
1 580 1
1 596 3
1 598 3
1 603 1
1 631 1
1 658 1
1 671 1
1 731 1
1 745 1
1 753 4
1 759 1
1 763 1
1 782 1
1 789 3
1 795 15
1 797 3
1 798 1
1 819 1
1 824 2
1 827 3
1 844 1
1 882 4
1 884 1
1 892 1
1 895 1
1 896 1
1 903 1
1 904 1
1 914 1
1 916 1
1 920 6
1 943 5
1 955 1
1 959 2
1 960 1
1 963 1
1 988 4
1 1015 1
1 1059 1
1 1060 4
1 1065 3
1 1069 1
1 1080 1
1 1104 2
1 1105 3
1 1108 3
1 1111 1
1 1117 3
1 1118 1
1 1122 1
1 1123 2
1 1134 1
1 1138 1
1 1141 1
1 1147 2
1 1159 2
1 1167 3
1 1171 1
1 1172 2
1 1210 1
1 1217 2
1 1219 3
1 1222 3
1 1223 2
1 1224 2
1 1241 1
1 1245 1
1 1254 1
1 1255 1
1 1276 6
1 1277 2
1 1298 1
1 1303 3
1 1304 1
1 1305 2
1 1318 1
1 1319 1
1 1329 1
1 1335 2
1 1341 2
1 1354 1
1 1358 4
1 1363 1
1 1374 2
1 1375 9
1 1377 1
1 1378 1
1 1382 2
1 1396 1
1 1397 2
1 1398 1
1 1417 3
1 1418 2
1 1419 1
1 1422 7
1 1442 2
1 1456 1
1 1486 1
1 1494 2
1 1506 7
1 1510 2
1 1519 1
1 1520 1
1 1521 2
1 1527 1
1 1531 1
1 1552 2
1 1569 1
1 1577 1
1 1578 1
1 1579 1
1 1596 1
1 1618 20
1 1622 2
1 1623 1
1 1648 2
1 1724 1
1 1725 2
1 1785 1
1 1828 1
1 1842 4
1 1843 3
1 1844 1
1 1855 1
1 1858 1
1 1863 2
1 1865 1
1 1888 2
1 1899 1
1 1927 1
1 1937 1
1 1938 1
1 1941 2
1 1948 1
1 1952 1
1 1953 2
1 1954 1
1 1972 2
1 1975 4
1 1989 2
1 1993 1
1 2002 1
1 2003 3
1 2024 1
1 2031 1
1 2035 6
1 2054 2
1 2060 1
1 2061 4
1 2071 1
1 2093 1
1 2101 1
1 2105 3
1 2114 1
1 2117 1
1 2119 1
1 2121 1
1 2125 1
1 2133 1
1 2164 1
1 2178 1
1 2186 2
1 2190 1
1 2206 1
1 2215 1
1 2236 6
1 2268 2
1 2281 4
1 2291 1
1 2298 1
1 2301 7
1 2308 2
1 2309 1
1 2351 1
1 2353 1
1 2354 1
1 2357 4
1 2358 2
1 2359 1
1 2360 1
1 2374 1
1 2376 1
1 2388 1
1 2389 1
1 2405 1
1 2412 1
1 2413 1
1 2431 1
1 2447 6
1 2450 1
1 2468 4
1 2474 4
1 2495 1
1 2498 3
1 2504 2
1 2506 1
1 2507 10
1 2515 1
1 2534 1
1 2551 4
1 2555 1
1 2556 1
1 2566 1
1 2568 1
1 2572 1
1 2587 1
1 2620 6
1 2624 1
1 2628 1
1 2655 1
1 2674 1
1 2675 1
1 2705 5
1 2708 3
1 2711 1
1 2725 11
1 2726 4
1 2727 1
1 2749 1
1 2785 1
1 2798 2
1 2807 1
1 2826 1
1 2841 1
1 2888 1
1 2901 1
1 2914 1
1 2917 1
1 2919 1
1 2933 1
1 2936 1
1 2937 3
1 2943 1
1 2958 2
1 2960 1
1 2970 3
1 2971 2
1 2981 3
1 2983 2
1 2988 1
1 3003 1
1 3015 3
1 3019 1
1 3026 1
1 3028 1
1 3031 1
1 3037 2
1 3038 1
1 3048 1
1 3049 1
1 3051 6
1 3052 1
1 3056 1
1 3059 1
1 3060 1
1 3061 2
1 3071 1
1 3072 2
1 3078 3
1 3098 3
1 3100 1
1 3121 1
1 3139 1
1 3142 1
1 3145 1
1 3155 3
1 3161 1
1 3167 1
1 3180 2
1 3185 2
1 3212 1
1 3224 1
1 3229 1
1 3238 1
1 3264 2
1 3308 1
1 3315 2
1 3329 1
1 3345 1
1 3346 1
1 3356 11
1 3358 1
1 3397 2
1 3405 2
1 3411 5
1 3429 1
1 3435 1
1 3439 5
1 3440 1
1 3444 1
1 3455 2
1 3466 15
1 3467 3
1 3468 2
1 3469 1
1 3510 2
1 3522 6
1 3523 14
1 3570 1
1 3572 3
1 3585 1
1 3586 1
1 3596 1
1 3615 2
1 3617 2
1 3649 1
1 3675 7
1 3681 1
1 3683 1
1 3684 1
1 3687 1
1 3713 1
1 3719 2
1 3729 2
1 3739 5
1 3743 1
1 3745 1
1 3746 2
1 3747 1
1 3762 1
1 3828 1
1 3838 1
1 3846 2
1 3864 3
1 3878 5
1 3892 2
1 3913 1
1 3940 11
1 3942 2
1 3944 1
1 3950 2
1 3959 1
1 3965 1
1 3969 7
1 3984 1
1 3988 2
1 3996 1
1 4003 1
1 4004 6
1 4005 1
1 4007 2
1 4008 3
1 4028 1
1 4032 3
1 4033 1
1 4034 4
1 4039 1
1 4043 1
1 4047 2
1 4075 1
1 4076 1
1 4082 3
1 4083 1
1 4084 2
1 4086 3
1 4108 1
1 4109 1
1 4121 1
1 4124 1
1 4155 1
1 4161 2
1 4163 1
1 4182 1
1 4184 1
1 4187 1
1 4195 1
1 4205 1
1 4221 3
1 4222 5
1 4223 1
1 4230 1
1 4248 1
1 4259 7
1 4261 1
1 4312 1
1 4334 1
1 4338 2
1 4343 5
1 4344 1
1 4367 1
1 4396 1
1 4409 2
1 4438 4
1 4441 2
1 4455 1
1 4462 3
1 4486 1
1 4502 2
1 4523 1
1 4524 2
1 4527 1
1 4530 1
1 4538 1
1 4544 4
1 4546 2
1 4547 4
1 4551 1
1 4559 1
1 4566 1
1 4575 1
1 4599 1
1 4600 1
1 4606 1
1 4623 1
1 4627 1
1 4640 1
1 4645 2
1 4646 1
1 4684 1
1 4712 14
1 4713 16
1 4734 1
1 4747 1
1 4757 1
1 4778 11
1 4811 2
1 4816 1
1 4820 1
1 4824 1
1 4839 1
1 4842 1
1 4851 1
1 4864 1
1 4865 1
1 4866 2
1 4867 5
1 4871 1
1 4938 1
1 4963 1
1 4976 1
1 5004 1
1 5006 21
1 5007 1
1 5023 4
1 5024 1
1 5025 3
1 5034 1
2 22 1
2 274 2
2 287 1
2 726 1
2 795 1
2 960 1
2 1065 3
2 1172 1
2 1276 1
2 1282 1
2 1316 1
2 1337 1
2 1369 1
2 1433 1
2 1536 1
2 1554 2
2 1753 1
2 1831 1
2 1868 1
2 1872 1
2 1931 1
2 1989 1
2 2039 1
2 2061 1
2 2117 2
2 2258 1
2 2341 1
2 2394 1
2 2401 1
2 2412 1
2 2441 1
2 2506 1
2 2532 1
2 2671 2
2 2832 1
2 2884 2
2 2958 1
2 3031 1
2 3107 1
2 3201 1
2 3204 1
2 3244 1
2 3314 1
2 3393 1
2 3408 1
2 3409 1
2 3417 1
2 3418 1
2 3466 1
2 3523 1
2 3536 1
2 3549 1
2 3560 1
2 3570 1
2 3719 1
2 3744 1
2 3746 3
2 3838 1
2 4092 1
2 4143 1
2 4404 2
2 4448 1
2 4458 1
2 4674 1
2 4721 1
2 4794 1
2 4997 1
2 5011 1
3 82 1
3 347 1
3 368 1
3 398 1
3 714 2
3 765 1
3 1096 1
3 1134 1
3 1244 1
3 1265 1
3 1323 1
3 1337 1
3 1369 1
3 1375 1
3 1536 1
3 1719 1
3 2114 1
3 2168 1
3 2341 1
3 2632 1
3 2652 1
3 2705 1
3 2977 1
3 3055 1
3 3310 1
3 3594 1
3 3634 1
3 3743 1
3 3778 1
3 3789 2
3 3804 1
3 3915 1
3 3940 1
3 4002 1
3 4004 1
3 4163 1
3 4343 2
3 4404 1
3 4438 1
3 4874 1
3 4935 1
4 247 1
4 270 1
4 334 1
4 364 3
4 371 1
4 375 1
4 393 1
4 583 1
4 698 1
4 795 1
4 818 1
4 903 1
4 913 1
4 999 1
4 1118 1
4 1287 1
4 1342 1
4 1418 1
4 1618 2
4 1657 1
4 1697 1
4 1710 1
4 1758 1
4 1828 1
4 1830 1
4 1856 1
4 1857 1
4 1925 1
4 2004 1
4 2035 1
4 2104 1
4 2166 2
4 2167 1
4 2168 1
4 2171 1
4 2172 1
4 2648 1
4 2727 1
4 2800 2
4 2905 2
4 2955 4
4 2977 1
4 3006 1
4 3020 2
4 3086 1
4 3300 1
4 3308 1
4 3314 1
4 3466 1
4 3522 2
4 3570 1
4 3585 2
4 3686 1
4 3736 1
4 3915 1
4 3949 1
4 3964 1
4 4015 1
4 4160 1
4 4361 1
4 4380 1
4 4466 1
4 4468 1
4 4512 1
4 4726 1
4 4727 1
4 4751 2
4 4762 1
4 4763 2
4 4874 4
4 5006 1
5 9 1
5 10 1
5 11 1
5 18 1
5 60 1
5 65 1
5 103 1
5 124 1
5 185 5
5 199 1
5 266 1
5 270 1
5 274 3
5 292 1
5 327 1
5 330 1
5 363 1
5 414 5
5 451 2
5 452 1
5 455 1
5 478 1
5 504 1
5 551 2
5 679 1
5 745 2
5 795 6
5 816 1
5 820 1
5 895 1
5 911 1
5 937 1
5 949 1
5 988 1
5 1041 2
5 1046 1
5 1065 4
5 1167 2
5 1173 1
5 1221 1
5 1237 1
5 1260 1
5 1276 1
5 1295 1
5 1304 1
5 1305 1
5 1347 1
5 1376 1
5 1382 1
5 1397 1
5 1400 1
5 1422 1
5 1423 1
5 1429 1
5 1454 2
5 1465 1
5 1493 1
5 1530 1
5 1553 1
5 1565 1
5 1603 1
5 1618 6
5 1645 1
5 1831 1
5 1854 1
5 1858 1
5 1874 1
5 1875 2
5 1931 1
5 1933 2
5 1953 1
5 1972 1
5 2031 2
5 2042 1
5 2067 2
5 2079 1
5 2095 1
5 2103 1
5 2105 1
5 2110 1
5 2115 1
5 2144 1
5 2194 1
5 2195 3
5 2204 1
5 2214 1
5 2236 1
5 2256 1
5 2282 1
5 2291 2
5 2307 1
5 2356 1
5 2401 1
5 2447 2
5 2462 1
5 2498 1
5 2524 2
5 2526 1
5 2528 2
5 2540 1
5 2580 1
5 2610 1
5 2636 1
5 2641 1
5 2651 1
5 2657 1
5 2672 1
5 2699 1
5 2702 4
5 2707 1
5 2711 1
5 2747 1
5 2794 1
5 2834 1
5 2882 1
5 2899 1
5 2903 1
5 2970 1
5 2980 1
5 3018 1
5 3031 1
5 3054 2
5 3115 1
5 3125 1
5 3169 1
5 3206 1
5 3217 1
5 3227 1
5 3324 1
5 3393 1
5 3397 6
5 3465 1
5 3466 5
5 3492 1
5 3503 1
5 3522 1
5 3523 1
5 3525 1
5 3549 1
5 3570 1
5 3595 1
5 3596 3
5 3640 1
5 3647 1
5 3673 1
5 3683 1
5 3719 2
5 3746 4
5 3747 1
5 3752 1
5 3753 1
5 3779 1
5 3828 1
5 3834 1
5 3838 1
5 3870 1
5 3903 1
5 3940 2
5 3965 2
5 3982 3
5 3994 1
5 4022 1
5 4064 1
5 4069 1
5 4123 1
5 4178 1
5 4185 1
5 4200 1
5 4217 1
5 4220 1
5 4243 1
5 4264 1
5 4308 1
5 4343 2
5 4347 1
5 4397 1
5 4402 1
5 4457 1
5 4486 1
5 4593 1
5 4643 1
5 4647 1
5 4701 1
5 4703 1
5 4704 1
5 4717 4
5 4835 1
5 4837 2
5 4875 1
5 4891 1
5 4900 1
5 4970 1
5 4976 1
5 5004 2
5 5009 2
5 5011 1
5 5023 2
6 5 1
6 8 1
6 58 1
6 79 1
6 82 17
6 111 1
6 124 1
6 128 1
6 174 1
6 210 1
6 229 1
6 270 2
6 372 1
6 377 1
6 378 1
6 382 1
6 417 1
6 439 1
6 463 2
6 466 1
6 485 1
6 510 1
6 511 10
6 515 1
6 523 1
6 562 1
6 583 1
6 613 1
6 616 1
6 628 1
6 701 6
6 708 3
6 723 2
6 792 1
6 797 5
6 802 2
6 822 2
6 827 1
6 835 1
6 872 1
6 888 1
6 892 2
6 920 2
6 930 7
6 996 1
6 1036 1
6 1058 1
6 1063 1
6 1115 1
6 1145 1
6 1147 2
6 1171 1
6 1189 1
6 1205 4
6 1219 3
6 1222 2
6 1229 1
6 1234 1
6 1241 1
6 1244 3
6 1263 1
6 1264 1
6 1274 2
6 1276 2
6 1287 1
6 1304 4
6 1321 1
6 1345 1
6 1358 1
6 1365 1
6 1394 2
6 1410 1
6 1422 2
6 1439 2
6 1445 4
6 1446 1
6 1470 2
6 1513 1
6 1536 2
6 1537 1
6 1589 1
6 1613 2
6 1614 2
6 1618 6
6 1641 1
6 1700 2
6 1725 1
6 1753 1
6 1755 1
6 1759 1
6 1766 6
6 1806 4
6 1869 1
6 1870 1
6 1871 1
6 1890 1
6 1898 1
6 1899 5
6 1902 1
6 1908 2
6 1914 1
6 1915 4
6 1926 1
6 1948 1
6 1974 1
6 1989 1
6 2001 2
6 2003 5
6 2026 1
6 2027 1
6 2035 1
6 2045 1
6 2054 1
6 2064 1
6 2066 1
6 2105 1
6 2117 1
6 2119 1
6 2202 1
6 2203 1
6 2227 1
6 2272 1
6 2294 1
6 2308 2
6 2333 2
6 2352 3
6 2391 3
6 2419 5
6 2447 6
6 2448 1
6 2453 1
6 2461 1
6 2474 2
6 2475 1
6 2495 1
6 2507 1
6 2525 2
6 2527 1
6 2536 11
6 2537 2
6 2727 1
6 2731 3
6 2758 1
6 2784 1
6 2806 1
6 2809 1
6 2811 7
6 2835 1
6 2855 1
6 2868 1
6 2872 1
6 2889 1
6 2922 1
6 2968 1
6 2970 2
6 2983 1
6 3016 1
6 3020 2
6 3028 5
6 3029 1
6 3031 4
6 3032 1
6 3037 2
6 3049 1
6 3051 1
6 3132 1
6 3164 1
6 3165 3
6 3166 1
6 3170 1
6 3205 2
6 3229 1
6 3279 1
6 3297 1
6 3312 1
6 3315 2
6 3325 1
6 3342 1
6 3346 3
6 3357 1
6 3363 1
6 3367 1
6 3374 5
6 3415 1
6 3440 1
6 3443 1
6 3451 1
6 3459 1
6 3525 1
6 3533 1
6 3558 1
6 3572 1
6 3661 2
6 3670 1
6 3671 3
6 3672 4
6 3674 2
6 3689 2
6 3713 2
6 3782 2
6 3785 2
6 3801 1
6 3827 1
6 3838 2
6 3839 1
6 3848 1
6 3855 1
6 3864 1
6 3870 3
6 3878 1
6 3892 2
6 3900 1
6 3921 19
6 3932 2
6 3940 1
6 3944 1
6 3948 1
6 3951 1
6 3968 1
6 3981 1
6 3984 2
6 3985 2
6 4011 1
6 4017 1
6 4021 1
6 4069 1
6 4080 1
6 4082 1
6 4106 1
6 4121 1
6 4151 4
6 4175 31
6 4176 1
6 4179 1
6 4206 1
6 4214 1
6 4240 1
6 4319 1
6 4325 1
6 4338 1
6 4343 1
6 4347 2
6 4414 2
6 4438 1
6 4439 2
6 4441 1
6 4443 2
6 4458 1
6 4502 1
6 4515 1
6 4517 1
6 4547 1
6 4575 2
6 4600 1
6 4667 2
6 4677 1
6 4703 1
6 4708 1
6 4730 1
6 4767 1
6 4813 1
6 4816 1
6 4852 1
6 4856 2
6 4863 1
6 4865 18
6 4883 1
6 4937 1
6 4946 1
6 5006 7
6 5007 1
6 5009 7
6 5023 1
6 5028 1
7 2 1
7 16 1
7 48 16
7 51 1
7 60 1
7 61 1
7 68 1
7 73 19
7 74 1
7 75 4
7 76 1
7 78 2
7 83 2
7 96 2
7 126 2
7 135 1
7 193 1
7 229 5
7 231 2
7 239 1
7 258 1
7 263 1
7 270 2
7 274 6
7 283 1
7 307 2
7 321 1
7 327 1
7 329 1
7 334 1
7 336 1
7 342 1
7 361 1
7 374 1
7 377 2
7 385 2
7 394 1
7 427 1
7 452 2
7 455 2
7 487 1
7 510 2
7 511 2
7 515 2
7 516 2
7 534 1
7 536 1
7 550 1
7 551 4
7 552 16
7 553 1
7 555 1
7 557 26
7 599 2
7 626 1
7 682 1
7 688 2
7 697 1
7 698 1
7 701 1
7 751 3
7 752 2
7 762 2
7 774 2
7 794 3
7 795 10
7 797 2
7 801 1
7 819 1
7 841 9
7 850 6
7 869 1
7 879 1
7 883 1
7 903 1
7 917 1
7 922 1
7 943 2
7 960 1
7 988 1
7 1021 1
7 1036 1
7 1060 1
7 1063 1
7 1065 27
7 1078 5
7 1085 1
7 1090 1
7 1107 2
7 1108 3
7 1118 1
7 1134 1
7 1136 1
7 1154 1
7 1165 2
7 1171 1
7 1186 1
7 1220 7
7 1239 1
7 1245 4
7 1257 1
7 1281 1
7 1285 1
7 1291 5
7 1292 1
7 1303 2
7 1304 4
7 1311 1
7 1329 1
7 1332 1
7 1341 2
7 1343 1
7 1352 2
7 1358 2
7 1364 1
7 1375 5
7 1376 2
7 1380 1
7 1383 1
7 1393 1
7 1399 1
7 1405 1
7 1406 1
7 1417 7
7 1422 1
7 1452 1
7 1454 4
7 1480 7
7 1483 5
7 1484 1
7 1487 3
7 1488 3
7 1500 1
7 1506 1
7 1569 1
7 1589 1
7 1618 16
7 1621 1
7 1626 2
7 1648 1
7 1661 1
7 1673 1
7 1698 2
7 1699 3
7 1711 1
7 1715 3
7 1725 1
7 1726 1
7 1753 1
7 1780 1
7 1781 1
7 1783 1
7 1784 2
7 1787 2
7 1790 1
7 1825 4
7 1827 2
7 1831 2
7 1841 1
7 1858 2
7 1860 1
7 1872 16
7 1875 2
7 1876 1
7 1877 3
7 1897 1
7 1910 1
7 1917 2
7 1925 1
7 1932 1
7 1933 6
7 1934 3
7 1948 2
7 1960 1
7 1972 6
7 1989 1
7 2005 1
7 2012 1
7 2016 1
7 2025 2
7 2030 1
7 2035 3
7 2045 2
7 2064 1
7 2067 1
7 2071 13
7 2079 1
7 2094 1
7 2104 1
7 2107 3
7 2110 1
7 2117 4
7 2119 4
7 2121 2
7 2137 1
7 2176 1
7 2178 5
7 2186 3
7 2208 1
7 2209 1
7 2219 1
7 2236 1
7 2248 1
7 2253 1
7 2270 1
7 2274 1
7 2281 2
7 2282 9
7 2287 4
7 2291 3
7 2296 2
7 2297 1
7 2298 3
7 2304 1
7 2340 1
7 2350 8
7 2352 1
7 2368 1
7 2371 2
7 2373 4
7 2399 4
7 2401 5
7 2413 1
7 2419 18
7 2424 2
7 2431 2
7 2432 1
7 2447 6
7 2455 1
7 2456 1
7 2466 1
7 2468 2
7 2480 1
7 2481 1
7 2498 2
7 2507 1
7 2513 3
7 2515 1
7 2516 1
7 2522 2
7 2523 1
7 2524 1
7 2528 2
7 2549 1
7 2575 1
7 2578 1
7 2580 1
7 2584 3
7 2595 1
7 2607 1
7 2613 3
7 2614 1
7 2625 1
7 2627 1
7 2640 2
7 2643 2
7 2644 1
7 2646 1
7 2651 2
7 2655 1
7 2669 1
7 2699 1
7 2702 5
7 2705 6
7 2710 1
7 2711 2
7 2731 4
7 2862 1
7 2871 1
7 2888 1
7 2897 1
7 2911 1
7 2917 1
7 2920 2
7 2921 1
7 2929 2
7 2944 1
7 2970 7
7 2977 3
7 2978 1
7 2979 3
7 2981 2
7 2983 1
7 3002 1
7 3003 1
7 3005 3
7 3022 11
7 3030 1
7 3032 1
7 3047 1
7 3048 1
7 3051 1
7 3055 3
7 3056 1
7 3058 1
7 3059 4
7 3066 1
7 3068 1
7 3076 3
7 3079 1
7 3081 1
7 3098 2
7 3100 1
7 3101 1
7 3112 1
7 3115 1
7 3124 4
7 3126 1
7 3154 4
7 3155 1
7 3163 2
7 3164 1
7 3165 1
7 3166 1
7 3167 1
7 3169 4
7 3183 3
7 3221 1
7 3231 1
7 3258 3
7 3292 7
7 3293 3
7 3308 1
7 3310 2
7 3312 1
7 3314 7
7 3315 1
7 3322 1
7 3332 2
7 3338 1
7 3346 1
7 3356 2
7 3361 1
7 3419 1
7 3420 1
7 3428 1
7 3440 4
7 3443 3
7 3465 1
7 3479 1
7 3492 1
7 3510 1
7 3522 5
7 3523 7
7 3524 1
7 3531 2
7 3571 1
7 3574 2
7 3578 1
7 3582 1
7 3585 3
7 3614 2
7 3617 1
7 3641 1
7 3654 1
7 3658 3
7 3659 1
7 3676 1
7 3683 3
7 3689 1
7 3710 2
7 3713 3
7 3719 2
7 3745 1
7 3746 4
7 3747 2
7 3751 19
7 3812 1
7 3813 1
7 3825 2
7 3838 4
7 3839 5
7 3842 1
7 3843 1
7 3851 1
7 3857 1
7 3864 2
7 3865 1
7 3870 1
7 3878 1
7 3886 1
7 3920 2
7 3921 1
7 3926 3
7 3927 1
7 3936 1
7 3937 1
7 3940 2
7 3943 2
7 3944 1
7 3963 3
7 3975 1
7 3983 1
7 3996 1
7 3998 1
7 4001 1
7 4004 2
7 4006 7
7 4007 1
7 4026 3
7 4041 1
7 4048 1
7 4074 1
7 4082 1
7 4099 1
7 4109 1
7 4117 3
7 4124 4
7 4147 1
7 4161 2
7 4177 1
7 4186 1
7 4189 2
7 4190 2
7 4205 1
7 4212 1
7 4218 1
7 4221 1
7 4230 2
7 4239 1
7 4243 2
7 4259 1
7 4277 1
7 4280 3
7 4281 2
7 4295 1
7 4314 1
7 4324 3
7 4339 1
7 4343 5
7 4344 1
7 4347 7
7 4382 1
7 4385 1
7 4396 2
7 4409 1
7 4410 1
7 4438 4
7 4439 5
7 4459 1
7 4481 1
7 4483 1
7 4486 1
7 4510 1
7 4527 1
7 4537 1
7 4547 1
7 4548 1
7 4552 1
7 4606 2
7 4625 1
7 4642 1
7 4664 1
7 4665 1
7 4696 1
7 4699 1
7 4701 1
7 4702 2
7 4715 1
7 4728 1
7 4758 2
7 4774 2
7 4776 1
7 4778 4
7 4787 1
7 4788 1
7 4810 1
7 4811 2
7 4813 1
7 4816 1
7 4824 1
7 4860 1
7 4864 4
7 4866 1
7 4867 1
7 4889 5
7 4949 2
7 4954 1
7 4955 1
7 4979 1
7 4980 1
7 4982 5
7 4985 3
7 4987 1
7 4988 2
7 5004 1
7 5006 11
7 5023 3
7 5025 6
7 5034 1
8 2 1
8 13 2
8 15 1
8 16 1
8 31 1
8 40 1
8 47 1
8 48 4
8 52 1
8 60 2
8 64 1
8 68 2
8 86 1
8 107 2
8 124 2
8 127 1
8 153 1
8 173 1
8 174 1
8 184 2
8 191 1
8 207 1
8 219 1
8 221 1
8 228 1
8 240 1
8 267 1
8 273 1
8 274 1
8 282 4
8 287 1
8 288 1
8 292 1
8 298 1
8 326 2
8 327 1
8 331 1
8 332 1
8 335 1
8 338 1
8 343 1
8 348 1
8 364 1
8 367 1
8 369 1
8 377 1
8 398 1
8 403 2
8 408 1
8 409 1
8 413 1
8 415 1
8 418 2
8 450 2
8 451 1
8 457 2
8 478 1
8 482 1
8 500 1
8 501 1
8 510 1
8 511 2
8 512 1
8 513 1
8 541 1
8 543 1
8 549 2
8 559 1
8 560 1
8 565 1
8 579 1
8 612 1
8 634 1
8 660 1
8 661 1
8 688 1
8 689 41
8 697 4
8 698 2
8 699 1
8 700 1
8 701 5
8 710 2
8 719 1
8 727 1
8 738 1
8 753 1
8 761 1
8 764 1
8 774 1
8 776 1
8 779 2
8 780 1
8 785 2
8 789 1
8 792 1
8 795 8
8 797 4
8 808 1
8 824 2
8 826 1
8 840 1
8 863 1
8 897 1
8 903 3
8 921 1
8 922 1
8 924 1
8 931 1
8 934 1
8 947 1
8 949 1
8 950 1
8 959 2
8 960 3
8 999 1
8 1002 1
8 1036 1
8 1047 1
8 1057 1
8 1065 3
8 1079 1
8 1092 1
8 1116 1
8 1146 1
8 1155 5
8 1156 1
8 1172 1
8 1182 2
8 1185 1
8 1193 1
8 1199 1
8 1217 1
8 1224 2
8 1231 2
8 1236 4
8 1239 1
8 1248 1
8 1257 2
8 1276 1
8 1280 1
8 1287 3
8 1295 1
8 1303 1
8 1304 1
8 1335 1
8 1336 1
8 1337 6
8 1349 1
8 1354 1
8 1356 1
8 1357 1
8 1358 1
8 1369 7
8 1370 1
8 1374 1
8 1375 10
8 1376 3
8 1384 1
8 1391 1
8 1395 1
8 1397 3
8 1417 2
8 1418 1
8 1422 1
8 1427 1
8 1429 1
8 1439 1
8 1477 1
8 1478 1
8 1480 2
8 1482 1
8 1483 1
8 1488 1
8 1493 1
8 1501 4
8 1506 4
8 1513 1
8 1523 4
8 1530 1
8 1536 5
8 1542 3
8 1543 2
8 1544 2
8 1549 1
8 1576 1
8 1583 1
8 1592 1
8 1595 1
8 1607 1
8 1618 4
8 1628 1
8 1648 1
8 1650 2
8 1673 4
8 1680 1
8 1695 1
8 1705 1
8 1709 1
8 1711 1
8 1719 1
8 1794 1
8 1796 1
8 1817 1
8 1818 1
8 1821 1
8 1828 3
8 1831 16
8 1854 1
8 1864 1
8 1872 6
8 1887 1
8 1890 1
8 1902 3
8 1925 3
8 1929 1
8 1933 3
8 1939 2
8 1948 2
8 1957 1
8 1972 3
8 2004 1
8 2017 1
8 2025 2
8 2027 1
8 2030 2
8 2031 1
8 2045 1
8 2057 1
8 2060 2
8 2066 1
8 2068 1
8 2071 5
8 2081 1
8 2085 1
8 2086 1
8 2098 2
8 2100 1
8 2101 1
8 2111 1
8 2114 1
8 2123 1
8 2151 1
8 2156 1
8 2157 1
8 2165 1
8 2171 22
8 2188 1
8 2192 1
8 2195 2
8 2222 1
8 2236 1
8 2281 1
8 2284 2
8 2285 1
8 2294 1
8 2307 1
8 2308 1
8 2325 1
8 2327 1
8 2332 2
8 2341 3
8 2354 1
8 2364 1
8 2367 1
8 2369 1
8 2381 1
8 2390 1
8 2397 1
8 2400 1
8 2401 60
8 2404 1
8 2412 3
8 2416 1
8 2419 1
8 2428 1
8 2430 2
8 2431 1
8 2437 1
8 2442 1
8 2447 7
8 2451 3
8 2458 1
8 2467 1
8 2474 1
8 2497 1
8 2498 2
8 2501 1
8 2508 1
8 2512 1
8 2516 2
8 2524 2
8 2525 2
8 2529 2
8 2535 1
8 2546 1
8 2554 1
8 2557 1
8 2566 3
8 2568 2
8 2570 2
8 2571 1
8 2574 2
8 2576 1
8 2598 2
8 2599 2
8 2600 1
8 2636 3
8 2652 1
8 2658 1
8 2698 1
8 2703 1
8 2705 1
8 2725 1
8 2758 1
8 2761 1
8 2769 1
8 2793 1
8 2802 1
8 2817 2
8 2826 1
8 2857 1
8 2858 1
8 2862 1
8 2865 1
8 2867 1
8 2872 1
8 2876 1
8 2884 1
8 2891 1
8 2904 1
8 2932 1
8 2944 2
8 2947 1
8 2958 1
8 2970 1
8 2972 1
8 3028 1
8 3036 1
8 3051 6
8 3055 1
8 3061 2
8 3076 5
8 3091 1
8 3093 1
8 3098 1
8 3100 3
8 3104 1
8 3147 1
8 3163 1
8 3166 1
8 3169 1
8 3171 1
8 3174 1
8 3220 1
8 3223 2
8 3224 1
8 3229 2
8 3237 1
8 3254 1
8 3256 1
8 3313 1
8 3314 1
8 3315 1
8 3320 1
8 3321 1
8 3343 1
8 3356 5
8 3357 1
8 3374 2
8 3378 1
8 3391 1
8 3397 4
8 3403 1
8 3409 1
8 3439 2
8 3440 2
8 3466 1
8 3487 2
8 3488 1
8 3492 1
8 3521 1
8 3522 3
8 3550 1
8 3570 1
8 3583 2
8 3585 3
8 3594 3
8 3595 1
8 3596 1
8 3603 1
8 3617 2
8 3633 7
8 3646 1
8 3652 1
8 3660 1
8 3689 1
8 3695 1
8 3702 1
8 3707 3
8 3719 4
8 3723 1
8 3735 1
8 3739 3
8 3743 4
8 3744 1
8 3746 4
8 3747 1
8 3836 1
8 3838 1
8 3859 1
8 3860 1
8 3864 2
8 3868 1
8 3870 1
8 3893 1
8 3903 2
8 3915 2
8 3925 1
8 3940 1
8 3945 1
8 3957 1
8 3965 1
8 3972 2
8 3990 1
8 3992 1
8 3994 2
8 3996 3
8 3997 6
8 4004 1
8 4021 1
8 4022 2
8 4042 1
8 4049 1
8 4051 1
8 4058 1
8 4066 2
8 4073 1
8 4076 2
8 4077 1
8 4084 2
8 4085 1
8 4086 3
8 4090 1
8 4099 1
8 4109 1
8 4122 1
8 4135 1
8 4142 1
8 4143 1
8 4145 1
8 4146 1
8 4151 2
8 4161 2
8 4184 1
8 4190 1
8 4195 1
8 4219 1
8 4222 3
8 4228 2
8 4230 1
8 4234 1
8 4242 1
8 4243 1
8 4285 1
8 4291 1
8 4298 1
8 4308 2
8 4327 1
8 4343 3
8 4347 5
8 4367 2
8 4399 1
8 4400 3
8 4404 5
8 4409 2
8 4438 2
8 4442 1
8 4452 1
8 4458 1
8 4459 1
8 4467 1
8 4479 1
8 4497 2
8 4523 1
8 4566 3
8 4574 6
8 4575 1
8 4580 1
8 4590 1
8 4593 1
8 4610 1
8 4628 1
8 4631 1
8 4640 1
8 4641 1
8 4658 1
8 4659 1
8 4661 1
8 4677 1
8 4702 5
8 4763 6
8 4768 1
8 4769 1
8 4801 1
8 4811 4
8 4813 1
8 4835 1
8 4844 3
8 4848 1
8 4862 2
8 4864 1
8 4867 1
8 4871 1
8 4874 9
8 4875 2
8 4880 1
8 4904 1
8 4913 2
8 4921 1
8 4922 1
8 4971 1
8 4995 1
8 4996 1
8 5006 9
8 5007 1
8 5011 2
8 5012 1
8 5023 2
8 5026 2
9 16 1
9 48 1
9 77 1
9 102 1
9 184 1
9 199 1
9 288 1
9 307 1
9 334 1
9 393 2
9 511 1
9 680 1
9 690 4
9 795 1
9 797 1
9 824 1
9 841 1
9 849 1
9 898 1
9 944 1
9 947 1
9 1009 1
9 1065 1
9 1074 1
9 1093 1
9 1110 1
9 1223 1
9 1225 1
9 1335 2
9 1338 1
9 1353 1
9 1375 3
9 1382 1
9 1385 3
9 1417 1
9 1500 1
9 1501 3
9 1506 1
9 1552 1
9 1554 1
9 1584 1
9 1618 1
9 1699 1
9 1711 1
9 1725 1
9 1816 1
9 1831 5
9 1858 1
9 1872 2
9 1898 1
9 1933 1
9 1948 1
9 1972 1
9 2045 1
9 2067 1
9 2090 1
9 2101 1
9 2110 2
9 2112 1
9 2117 1
9 2132 1
9 2168 6
9 2178 1
9 2195 1
9 2291 1
9 2309 1
9 2326 1
9 2341 2
9 2399 1
9 2400 1
9 2401 9
9 2436 1
9 2522 1
9 2534 1
9 2544 1
9 2557 1
9 2558 1
9 2566 2
9 2574 1
9 2674 1
9 2697 1
9 2831 1
9 2910 1
9 2981 1
9 3031 1
9 3049 1
9 3051 1
9 3054 1
9 3120 1
9 3124 3
9 3165 1
9 3183 1
9 3186 3
9 3205 1
9 3224 1
9 3291 1
9 3308 1
9 3310 1
9 3312 1
9 3314 2
9 3324 1
9 3353 2
9 3374 1
9 3375 1
9 3377 1
9 3397 1
9 3408 1
9 3440 2
9 3522 1
9 3683 1
9 3702 1
9 3719 1
9 3729 1
9 3731 1
9 3746 2
9 3805 1
9 3806 1
9 3825 1
9 3854 1
9 3910 1
9 3915 8
9 3940 1
9 3982 1
9 4006 1
9 4163 1
9 4326 1
9 4343 1
9 4388 3
9 4401 1
9 4404 1
9 4575 1
9 4617 1
9 4635 1
9 4640 1
9 4644 1
9 4703 1
9 4770 1
9 4897 1
9 4901 1
9 5007 1
9 5012 2
10 48 3
10 72 1
10 91 1
10 104 1
10 190 1
10 229 1
10 248 1
10 275 1
10 511 1
10 547 1
10 627 1
10 911 3
10 912 1
10 950 1
10 1002 1
10 1065 3
10 1235 1
10 1303 1
10 1324 2
10 1333 1
10 1357 1
10 1384 1
10 1409 1
10 1414 1
10 1436 1
10 1460 5
10 1684 1
10 1734 1
10 1768 1
10 1831 2
10 1863 1
10 1898 1
10 1931 2
10 1959 1
10 2045 1
10 2099 3
10 2102 1
10 2132 1
10 2277 1
10 2332 1
10 2341 1
10 2396 1
10 2401 2
10 2532 1
10 2568 1
10 2575 1
10 2619 2
10 2817 1
10 2850 1
10 2859 1
10 3200 1
10 3225 1
10 3246 1
10 3272 1
10 3282 1
10 3310 2
10 3314 1
10 3360 1
10 3368 1
10 3374 1
10 3440 1
10 3456 1
10 3477 1
10 3522 2
10 3612 1
10 3613 1
10 3705 1
10 3869 1
10 3882 1
10 3896 2
10 3958 1
10 4185 1
10 4259 1
10 4285 1
10 4290 1
10 4304 2
10 4350 1
10 4382 2
10 4392 1
10 4404 1
10 4994 1
10 5011 1
11 13 1
11 43 1
11 45 2
11 115 1
11 117 1
11 127 2
11 135 1
11 144 1
11 145 1
11 146 1
11 153 2
11 155 1
11 174 1
11 186 1
11 202 2
11 213 1
11 215 1
11 216 1
11 228 1
11 236 1
11 238 1
11 264 1
11 270 2
11 274 1
11 287 2
11 297 1
11 317 1
11 320 1
11 334 1
11 341 1
11 343 2
11 369 1
11 405 1
11 407 1
11 451 1
11 491 1
11 511 1
11 538 1
11 571 1
11 581 1
11 603 1
11 607 1
11 626 1
11 667 1
11 698 2
11 701 6
11 713 1
11 741 1
11 751 1
11 768 1
11 787 1
11 793 1
11 802 1
11 823 1
11 824 4
11 826 1
11 827 1
11 836 5
11 853 2
11 861 1
11 864 1
11 890 1
11 897 1
11 917 2
11 921 1
11 924 1
11 935 1
11 946 1
11 963 4
11 1013 1
11 1015 4
11 1019 1
11 1026 1
11 1031 2
11 1032 1
11 1075 1
11 1110 2
11 1152 1
11 1158 1
11 1162 1
11 1167 2
11 1197 1
11 1219 1
11 1228 2
11 1236 1
11 1237 1
11 1261 1
11 1278 2
11 1393 2
11 1394 2
11 1417 1
11 1421 1
11 1427 1
11 1429 1
11 1454 1
11 1473 1
11 1485 1
11 1491 1
11 1504 1
11 1536 1
11 1542 2
11 1546 1
11 1547 1
11 1552 2
11 1591 1
11 1618 5
11 1638 1
11 1648 1
11 1649 1
11 1667 5
11 1691 1
11 1700 1
11 1702 1
11 1707 1
11 1725 1
11 1732 1
11 1792 1
11 1801 1
11 1822 1
11 1823 1
11 1828 1
11 1841 1
11 1865 1
11 1879 1
11 1881 2
11 1890 2
11 1891 3
11 1897 1
11 1902 3
11 1917 1
11 1972 5
11 1989 1
11 1993 1
11 1994 1
11 2023 1
11 2035 1
11 2080 1
11 2117 1
11 2119 1
11 2142 1
11 2191 1
11 2195 1
11 2218 1
11 2236 3
11 2239 1
11 2257 1
11 2274 2
11 2287 1
11 2289 1
11 2291 3
11 2298 1
11 2308 2
11 2339 1
11 2343 1
11 2382 1
11 2392 1
11 2401 1
11 2431 1
11 2435 1
11 2440 1
11 2444 1
11 2447 2
11 2468 1
11 2479 1
11 2483 1
11 2510 1
11 2534 3
11 2571 1
11 2590 1
11 2615 1
11 2616 1
11 2621 1
11 2667 2
11 2689 1
11 2705 3
11 2723 2
11 2779 2
11 2826 1
11 2881 1
11 2904 2
11 2943 1
11 2957 1
11 2985 1
11 2987 1
11 2998 1
11 3018 1
11 3047 3
11 3049 1
11 3055 1
11 3061 5
11 3068 1
11 3079 1
11 3103 1
11 3122 1
11 3146 1
11 3155 1
11 3185 1
11 3223 1
11 3226 1
11 3275 1
11 3299 1
11 3302 1
11 3309 1
11 3318 1
11 3341 1
11 3351 1
11 3356 1
11 3376 1
11 3384 2
11 3393 1
11 3430 1
11 3439 2
11 3479 1
11 3480 1
11 3523 1
11 3526 1
11 3534 1
11 3552 1
11 3572 1
11 3591 1
11 3603 1
11 3617 1
11 3623 1
11 3648 1
11 3682 1
11 3706 1
11 3725 1
11 3737 1
11 3745 1
11 3838 3
11 3861 1
11 3864 2
11 3869 1
11 3878 3
11 3887 1
11 3899 2
11 3912 1
11 3940 1
11 4021 1
11 4022 2
11 4025 1
11 4086 1
11 4105 1
11 4141 1
11 4158 1
11 4182 1
11 4190 1
11 4221 4
11 4222 1
11 4253 2
11 4280 1
11 4322 2
11 4323 5
11 4324 1
11 4326 1
11 4367 1
11 4373 2
11 4382 1
11 4438 3
11 4470 1
11 4530 1
11 4550 1
11 4568 1
11 4575 1
11 4618 1
11 4641 2
11 4659 2
11 4697 1
11 4720 1
11 4739 1
11 4741 1
11 4743 1
11 4762 3
11 4763 1
11 4791 1
11 4811 2
11 4813 5
11 4816 1
11 4837 1
11 4839 1
11 4852 1
11 4857 1
11 4867 1
11 4874 2
11 4944 1
11 4969 1
11 4981 1
11 5006 10
12 4 1
12 7 2
12 9 1
12 13 2
12 14 1
12 34 1
12 35 1
12 42 1
12 45 3
12 46 12
12 49 1
12 54 4
12 55 4
12 56 1
12 58 2
12 79 1
12 87 2
12 88 1
12 93 3
12 94 1
12 99 1
12 106 1
12 130 1
12 131 3
12 134 1
12 138 1
12 139 1
12 140 1
12 150 3
12 151 1
12 153 1
12 154 1
12 156 1
12 157 1
12 158 1
12 162 3
12 163 3
12 164 1
12 165 1
12 166 1
12 174 2
12 177 2
12 185 6
12 198 1
12 199 1
12 200 1
12 201 1
12 206 1
12 220 2
12 223 2
12 224 1
12 228 3
12 229 1
12 234 1
12 239 1
12 241 2
12 251 1
12 255 1
12 256 1
12 262 1
12 263 1
12 264 1
12 269 5
12 270 4
12 271 1
12 274 2
12 277 1
12 278 1
12 279 2
12 282 2
12 287 1
12 300 2
12 301 1
12 302 1
12 312 1
12 313 1
12 316 1
12 322 2
12 332 3
12 334 3
12 339 1
12 343 3
12 354 1
12 358 1
12 360 3
12 361 1
12 363 2
12 369 4
12 371 1
12 376 2
12 380 1
12 387 1
12 393 2
12 395 1
12 397 1
12 402 1
12 407 1
12 408 3
12 409 1
12 428 1
12 431 2
12 434 3
12 435 3
12 438 1
12 441 1
12 443 2
12 448 1
12 451 2
12 457 2
12 465 2
12 471 1
12 474 4
12 475 1
12 478 1
12 479 2
12 490 1
12 507 4
12 512 2
12 515 4
12 522 1
12 532 1
12 534 1
12 542 1
12 544 1
12 549 2
12 551 1
12 559 1
12 561 1
12 562 1
12 565 1
12 566 1
12 567 1
12 573 1
12 576 2
12 577 2
12 582 3
12 593 1
12 594 1
12 598 1
12 605 1
12 612 4
12 617 1
12 624 2
12 638 1
12 642 3
12 643 1
12 646 1
12 648 2
12 653 1
12 654 1
12 655 1
12 671 1
12 675 1
12 682 2
12 686 1
12 693 1
12 694 1
12 698 1
12 701 7
12 708 1
12 718 1
12 720 2
12 727 6
12 729 1
12 730 1
12 735 1
12 736 1
12 737 1
12 738 1
12 739 1
12 741 6
12 747 1
12 748 4
12 755 2
12 756 1
12 774 1
12 779 2
12 780 1
12 790 2
12 796 1
12 797 3
12 799 2
12 800 1
12 801 1
12 804 2
12 806 1
12 807 5
12 810 1
12 814 1
12 818 1
12 821 1
12 826 2
12 827 2
12 833 1
12 835 1
12 836 5
12 841 1
12 843 1
12 846 2
12 852 4
12 854 2
12 855 1
12 858 2
12 860 1
12 862 1
12 867 3
12 870 1
12 876 3
12 880 1
12 885 2
12 886 1
12 893 1
12 894 1
12 910 1
12 920 1
12 921 7
12 923 20
12 924 3
12 926 1
12 929 1
12 932 1
12 933 1
12 940 2
12 941 1
12 942 1
12 954 3
12 957 1
12 960 1
12 972 1
12 974 4
12 976 1
12 979 1
12 980 1
12 983 1
12 986 1
12 987 1
12 993 1
12 994 1
12 997 1
12 1015 6
12 1017 2
12 1018 2
12 1019 4
12 1020 3
12 1027 1
12 1034 1
12 1039 1
12 1046 1
12 1047 2
12 1062 1
12 1065 1
12 1067 2
12 1068 1
12 1077 1
12 1083 1
12 1088 1
12 1089 1
12 1100 1
12 1112 1
12 1117 1
12 1125 1
12 1134 1
12 1135 1
12 1140 1
12 1142 1
12 1145 1
12 1147 1
12 1151 1
12 1158 4
12 1163 1
12 1164 1
12 1172 1
12 1185 1
12 1191 1
12 1196 1
12 1199 1
12 1203 1
12 1206 1
12 1215 1
12 1219 2
12 1223 2
12 1229 2
12 1230 1
12 1240 2
12 1242 1
12 1245 1
12 1247 2
12 1249 2
12 1257 1
12 1294 1
12 1297 1
12 1299 1
12 1303 1
12 1304 3
12 1345 7
12 1362 4
12 1365 1
12 1366 1
12 1374 1
12 1375 3
12 1376 2
12 1383 1
12 1393 7
12 1407 2
12 1417 2
12 1422 3
12 1429 1
12 1434 1
12 1437 10
12 1440 1
12 1441 1
12 1443 1
12 1450 1
12 1453 1
12 1454 5
12 1462 2
12 1463 1
12 1471 1
12 1473 1
12 1478 1
12 1479 2
12 1480 1
12 1486 1
12 1489 1
12 1493 1
12 1495 2
12 1496 1
12 1502 2
12 1507 1
12 1513 1
12 1515 1
12 1525 2
12 1526 1
12 1529 1
12 1533 2
12 1534 1
12 1536 1
12 1547 1
12 1548 2
12 1550 2
12 1551 1
12 1555 1
12 1556 1
12 1563 1
12 1573 1
12 1581 1
12 1588 1
12 1597 1
12 1599 2
12 1601 2
12 1604 1
12 1612 1
12 1618 7
12 1619 1
12 1624 1
12 1636 6
12 1637 9
12 1648 3
12 1653 2
12 1661 2
12 1663 1
12 1665 1
12 1667 8
12 1668 3
12 1669 3
12 1670 1
12 1673 1
12 1675 2
12 1686 1
12 1694 2
12 1703 1
12 1704 1
12 1705 2
12 1715 1
12 1716 2
12 1717 1
12 1718 2
12 1719 1
12 1722 1
12 1729 1
12 1740 1
12 1742 1
12 1743 1
12 1745 1
12 1753 1
12 1758 7
12 1761 1
12 1763 3
12 1764 1
12 1767 12
12 1779 1
12 1785 2
12 1788 1
12 1789 1
12 1790 1
12 1791 1
12 1801 1
12 1802 2
12 1804 1
12 1805 1
12 1807 1
12 1808 1
12 1810 1
12 1811 1
12 1819 1
12 1828 5
12 1829 3
12 1836 1
12 1840 2
12 1841 2
12 1845 2
12 1847 1
12 1848 1
12 1849 2
12 1862 1
12 1863 4
12 1865 17
12 1885 1
12 1892 1
12 1895 1
12 1897 1
12 1899 1
12 1901 2
12 1922 1
12 1928 7
12 1941 5
12 1942 1
12 1945 1
12 1955 1
12 1963 1
12 1966 1
12 1968 3
12 1970 1
12 1972 9
12 1978 4
12 1984 1
12 1985 1
12 1986 2
12 1989 3
12 1990 1
12 1998 1
12 1999 1
12 2002 1
12 2004 2
12 2025 2
12 2026 2
12 2027 1
12 2035 3
12 2036 1
12 2043 1
12 2045 1
12 2046 1
12 2047 4
12 2048 11
12 2049 2
12 2050 1
12 2057 1
12 2070 1
12 2071 12
12 2075 1
12 2077 1
12 2078 2
12 2082 1
12 2109 1
12 2117 6
12 2119 5
12 2122 1
12 2129 1
12 2133 2
12 2135 1
12 2146 1
12 2148 3
12 2159 2
12 2163 1
12 2178 2
12 2182 1
12 2186 1
12 2189 1
12 2194 1
12 2198 1
12 2210 1
12 2217 1
12 2226 1
12 2236 2
12 2242 1
12 2267 1
12 2268 1
12 2271 1
12 2272 2
12 2275 2
12 2276 3
12 2287 1
12 2291 2
12 2295 1
12 2304 3
12 2306 1
12 2308 5
12 2309 1
12 2310 2
12 2335 1
12 2349 1
12 2366 1
12 2370 1
12 2382 4
12 2385 1
12 2388 1
12 2397 1
12 2398 1
12 2403 2
12 2405 1
12 2408 1
12 2410 1
12 2412 3
12 2415 1
12 2425 2
12 2430 2
12 2432 2
12 2433 3
12 2441 1
12 2446 3
12 2447 5
12 2448 1
12 2451 1
12 2454 1
12 2457 1
12 2459 1
12 2473 2
12 2474 3
12 2498 1
12 2502 1
12 2504 1
12 2505 2
12 2511 1
12 2518 5
12 2519 1
12 2520 2
12 2521 2
12 2542 2
12 2543 1
12 2545 1
12 2550 1
12 2571 1
12 2574 1
12 2578 1
12 2579 1
12 2582 2
12 2584 4
12 2607 1
12 2612 1
12 2613 3
12 2621 1
12 2632 1
12 2636 2
12 2643 2
12 2644 2
12 2651 1
12 2661 2
12 2668 1
12 2690 1
12 2691 2
12 2698 1
12 2702 1
12 2704 1
12 2705 8
12 2714 1
12 2720 1
12 2721 1
12 2722 1
12 2723 2
12 2727 1
12 2734 1
12 2736 1
12 2737 1
12 2738 3
12 2739 1
12 2743 1
12 2751 1
12 2752 2
12 2754 1
12 2755 1
12 2756 1
12 2757 2
12 2758 1
12 2767 1
12 2774 1
12 2777 1
12 2778 1
12 2781 1
12 2792 1
12 2799 1
12 2811 1
12 2821 1
12 2826 1
12 2827 2
12 2831 1
12 2833 2
12 2834 1
12 2838 1
12 2840 1
12 2841 6
12 2843 2
12 2844 1
12 2848 1
12 2855 1
12 2856 1
12 2863 1
12 2866 1
12 2870 2
12 2873 1
12 2885 1
12 2893 1
12 2894 2
12 2895 1
12 2900 2
12 2903 1
12 2906 1
12 2907 1
12 2912 1
12 2916 1
12 2917 1
12 2923 1
12 2924 1
12 2927 1
12 2928 1
12 2945 1
12 2946 1
12 2951 1
12 2952 1
12 2953 1
12 2955 1
12 2962 1
12 2977 2
12 2981 1
12 2983 1
12 2992 3
12 2993 1
12 2996 4
12 2997 3
12 2998 7
12 3001 1
12 3007 2
12 3011 1
12 3013 1
12 3015 1
12 3018 4
12 3019 1
12 3021 1
12 3023 2
12 3025 1
12 3027 1
12 3028 6
12 3031 2
12 3039 5
12 3047 2
12 3048 1
12 3051 3
12 3058 1
12 3066 1
12 3076 2
12 3080 1
12 3084 1
12 3090 1
12 3095 1
12 3096 1
12 3114 2
12 3119 1
12 3125 3
12 3130 1
12 3131 1
12 3132 1
12 3137 1
12 3138 1
12 3143 1
12 3144 2
12 3151 1
12 3152 1
12 3158 1
12 3163 8
12 3164 1
12 3169 3
12 3178 1
12 3179 1
12 3181 2
12 3184 1
12 3187 1
12 3188 1
12 3189 1
12 3196 1
12 3201 1
12 3207 1
12 3214 1
12 3235 2
12 3245 2
12 3248 1
12 3259 2
12 3263 1
12 3266 1
12 3284 1
12 3286 1
12 3289 1
12 3290 2
12 3299 1
12 3300 2
12 3314 1
12 3315 3
12 3317 1
12 3318 1
12 3320 2
12 3321 1
12 3325 10
12 3326 1
12 3331 1
12 3333 1
12 3336 1
12 3346 1
12 3350 1
12 3353 3
12 3362 1
12 3363 1
12 3365 1
12 3366 1
12 3379 1
12 3382 4
12 3383 4
12 3393 7
12 3395 1
12 3397 1
12 3400 2
12 3401 1
12 3406 1
12 3409 1
12 3436 1
12 3438 1
12 3439 3
12 3441 1
12 3442 1
12 3453 1
12 3458 2
12 3463 1
12 3465 2
12 3470 2
12 3479 1
12 3481 1
12 3482 2
12 3495 1
12 3496 1
12 3500 1
12 3513 1
12 3514 1
12 3516 2
12 3520 1
12 3521 2
12 3522 2
12 3523 4
12 3525 1
12 3538 1
12 3545 1
12 3548 1
12 3557 1
12 3559 1
12 3562 1
12 3565 1
12 3572 1
12 3585 5
12 3587 1
12 3598 1
12 3604 2
12 3607 3
12 3609 1
12 3612 1
12 3618 5
12 3619 1
12 3622 1
12 3628 1
12 3631 1
12 3632 1
12 3644 2
12 3649 1
12 3656 1
12 3669 5
12 3690 1
12 3694 14
12 3696 1
12 3704 1
12 3711 1
12 3713 2
12 3721 1
12 3723 1
12 3736 1
12 3737 3
12 3742 2
12 3743 1
12 3746 1
12 3747 2
12 3752 1
12 3758 1
12 3759 2
12 3771 1
12 3783 1
12 3784 1
12 3785 1
12 3786 1
12 3799 1
12 3804 3
12 3812 1
12 3827 2
12 3837 1
12 3838 10
12 3840 1
12 3855 1
12 3862 1
12 3864 2
12 3870 1
12 3872 1
12 3877 1
12 3878 2
12 3890 2
12 3895 1
12 3897 1
12 3899 3
12 3915 5
12 3919 1
12 3924 1
12 3926 1
12 3929 1
12 3931 1
12 3940 6
12 3942 1
12 3944 3
12 3954 3
12 3955 1
12 3962 2
12 3966 2
12 3978 2
12 3980 1
12 3982 1
12 3984 3
12 3989 1
12 3993 2
12 3997 1
12 4000 2
12 4004 1
12 4023 1
12 4029 1
12 4030 1
12 4037 1
12 4046 1
12 4049 1
12 4061 1
12 4067 1
12 4078 2
12 4087 1
12 4093 1
12 4119 1
12 4121 2
12 4123 1
12 4125 1
12 4134 1
12 4139 3
12 4142 1
12 4143 1
12 4146 1
12 4150 1
12 4152 1
12 4154 1
12 4157 1
12 4160 1
12 4161 2
12 4162 1
12 4168 1
12 4171 1
12 4178 1
12 4185 1
12 4187 1
12 4190 1
12 4192 2
12 4197 2
12 4199 4
12 4204 1
12 4208 1
12 4216 1
12 4220 1
12 4221 1
12 4225 1
12 4227 1
12 4231 1
12 4235 1
12 4236 2
12 4241 1
12 4242 4
12 4243 10
12 4249 1
12 4253 3
12 4256 1
12 4258 4
12 4266 7
12 4274 1
12 4275 1
12 4280 1
12 4285 1
12 4290 1
12 4299 8
12 4303 1
12 4305 2
12 4310 4
12 4311 2
12 4315 1
12 4324 1
12 4325 1
12 4326 3
12 4327 4
12 4330 1
12 4331 4
12 4332 1
12 4333 1
12 4336 1
12 4343 1
12 4345 1
12 4347 7
12 4354 1
12 4355 3
12 4358 2
12 4365 1
12 4370 2
12 4371 2
12 4378 5
12 4385 1
12 4395 1
12 4400 4
12 4406 1
12 4407 1
12 4409 2
12 4416 7
12 4417 1
12 4425 1
12 4429 1
12 4431 1
12 4432 1
12 4438 1
12 4441 2
12 4445 2
12 4447 1
12 4449 1
12 4454 1
12 4455 5
12 4456 1
12 4469 1
12 4472 3
12 4484 1
12 4488 1
12 4492 1
12 4495 1
12 4499 1
12 4501 1
12 4502 2
12 4507 1
12 4515 1
12 4516 1
12 4517 2
12 4521 1
12 4522 1
12 4530 1
12 4551 1
12 4565 1
12 4566 1
12 4569 1
12 4570 1
12 4573 1
12 4580 3
12 4581 1
12 4585 2
12 4590 7
12 4609 1
12 4611 1
12 4613 1
12 4614 1
12 4621 2
12 4631 1
12 4640 3
12 4652 2
12 4656 1
12 4667 1
12 4668 1
12 4675 1
12 4681 1
12 4685 1
12 4690 1
12 4691 1
12 4700 1
12 4702 1
12 4704 1
12 4708 1
12 4714 1
12 4717 1
12 4719 1
12 4724 3
12 4739 2
12 4740 1
12 4743 1
12 4746 1
12 4752 1
12 4753 1
12 4762 1
12 4775 2
12 4779 1
12 4780 1
12 4781 1
12 4786 1
12 4793 1
12 4795 2
12 4796 1
12 4800 1
12 4803 1
12 4806 1
12 4807 2
12 4808 1
12 4809 1
12 4810 1
12 4811 4
12 4816 1
12 4818 2
12 4827 1
12 4828 1
12 4830 2
12 4832 1
12 4839 5
12 4840 1
12 4843 1
12 4844 2
12 4845 1
12 4848 1
12 4854 3
12 4856 2
12 4864 6
12 4867 1
12 4871 1
12 4873 7
12 4874 5
12 4879 2
12 4885 3
12 4896 1
12 4900 1
12 4903 3
12 4906 1
12 4909 1
12 4928 1
12 4930 1
12 4938 11
12 4940 2
12 4948 14
12 4950 3
12 4952 1
12 4966 3
12 4974 1
12 4984 2
12 4986 1
12 5003 1
12 5005 1
12 5006 27
12 5007 1
12 5013 6
12 5014 1
12 5022 1
12 5024 1
12 5027 2
12 5032 1
12 5034 4
13 27 3
13 33 2
13 41 1
13 45 1
13 60 2
13 64 1
13 112 1
13 124 1
13 127 1
13 129 1
13 132 2
13 153 2
13 184 2
13 185 1
13 195 1
13 199 1
13 210 4
13 212 2
13 229 1
13 254 1
13 267 1
13 270 4
13 277 1
13 296 1
13 299 1
13 314 1
13 334 2
13 347 1
13 348 1
13 384 1
13 390 1
13 391 1
13 398 2
13 404 1
13 420 2
13 428 1
13 444 1
13 451 3
13 456 1
13 469 1
13 472 1
13 473 1
13 474 1
13 478 1
13 502 1
13 511 3
13 512 1
13 515 2
13 535 1
13 558 1
13 594 1
13 600 1
13 601 2
13 603 3
13 612 1
13 698 1
13 701 2
13 741 2
13 745 1
13 749 1
13 774 1
13 779 3
13 785 1
13 792 1
13 795 2
13 817 1
13 818 1
13 819 1
13 824 1
13 827 1
13 835 3
13 836 3
13 842 1
13 846 1
13 873 1
13 892 1
13 900 1
13 906 1
13 914 1
13 920 2
13 939 1
13 950 1
13 954 1
13 958 2
13 960 2
13 976 1
13 988 3
13 1042 1
13 1065 1
13 1074 1
13 1075 1
13 1084 1
13 1145 3
13 1147 1
13 1152 1
13 1155 1
13 1221 1
13 1222 1
13 1224 1
13 1231 1
13 1250 1
13 1275 1
13 1277 1
13 1289 1
13 1296 1
13 1303 2
13 1304 5
13 1313 2
13 1314 1
13 1329 1
13 1335 3
13 1358 2
13 1373 1
13 1375 2
13 1397 1
13 1401 1
13 1417 1
13 1422 1
13 1431 1
13 1432 2
13 1439 1
13 1493 1
13 1506 6
13 1513 2
13 1523 2
13 1536 3
13 1542 2
13 1559 1
13 1564 1
13 1576 19
13 1579 1
13 1618 3
13 1625 1
13 1630 1
13 1632 3
13 1639 3
13 1662 1
13 1705 1
13 1723 1
13 1758 1
13 1759 1
13 1774 1
13 1775 1
13 1898 1
13 1902 2
13 1911 1
13 1925 1
13 1972 5
13 1973 1
13 1976 1
13 2002 1
13 2004 1
13 2035 1
13 2052 1
13 2060 1
13 2062 1
13 2096 1
13 2116 1
13 2117 1
13 2119 1
13 2174 1
13 2178 1
13 2186 2
13 2194 1
13 2195 2
13 2237 1
13 2238 1
13 2268 1
13 2274 1
13 2280 1
13 2281 3
13 2287 1
13 2291 1
13 2294 2
13 2309 1
13 2310 1
13 2314 1
13 2342 1
13 2347 2
13 2368 1
13 2380 2
13 2384 1
13 2386 2
13 2387 1
13 2390 1
13 2391 1
13 2447 4
13 2450 1
13 2453 1
13 2465 1
13 2469 1
13 2498 1
13 2515 1
13 2518 1
13 2530 1
13 2538 1
13 2540 2
13 2542 1
13 2566 1
13 2568 1
13 2570 1
13 2588 1
13 2589 1
13 2592 1
13 2608 1
13 2637 1
13 2638 1
13 2639 1
13 2644 1
13 2645 1
13 2646 1
13 2657 1
13 2682 1
13 2700 1
13 2705 2
13 2711 1
13 2726 2
13 2731 1
13 2759 1
13 2761 1
13 2768 1
13 2771 1
13 2789 1
13 2823 1
13 2826 1
13 2904 1
13 2917 1
13 2945 1
13 2958 2
13 2974 1
13 2977 3
13 2998 2
13 3018 1
13 3037 2
13 3039 1
13 3072 1
13 3078 1
13 3111 1
13 3148 2
13 3163 1
13 3164 2
13 3169 2
13 3177 1
13 3183 1
13 3201 1
13 3269 1
13 3285 1
13 3308 3
13 3312 1
13 3314 4
13 3315 1
13 3326 1
13 3327 1
13 3330 1
13 3334 1
13 3345 1
13 3360 2
13 3361 2
13 3375 1
13 3381 1
13 3383 5
13 3439 1
13 3440 3
13 3447 2
13 3465 1
13 3466 1
13 3471 1
13 3473 1
13 3500 1
13 3522 2
13 3523 4
13 3539 1
13 3543 1
13 3554 1
13 3586 2
13 3593 2
13 3595 1
13 3596 1
13 3601 1
13 3641 4
13 3660 1
13 3663 1
13 3684 2
13 3703 1
13 3719 1
13 3730 1
13 3746 1
13 3767 1
13 3791 1
13 3795 1
13 3804 1
13 3820 2
13 3827 1
13 3828 1
13 3838 1
13 3839 1
13 3841 1
13 3864 7
13 3878 1
13 3879 1
13 3884 1
13 3915 4
13 3927 1
13 3940 2
13 3950 1
13 3959 1
13 3984 2
13 3989 1
13 3996 1
13 4004 1
13 4011 1
13 4028 1
13 4034 1
13 4040 1
13 4043 1
13 4046 1
13 4059 1
13 4068 1
13 4076 1
13 4082 1
13 4083 4
13 4084 7
13 4086 6
13 4103 1
13 4146 1
13 4167 1
13 4172 1
13 4177 1
13 4195 2
13 4214 1
13 4242 2
13 4243 2
13 4251 1
13 4253 1
13 4300 1
13 4315 1
13 4316 1
13 4321 1
13 4343 2
13 4347 4
13 4370 1
13 4391 3
13 4397 2
13 4399 1
13 4404 1
13 4413 1
13 4416 1
13 4420 21
13 4434 2
13 4438 3
13 4439 1
13 4449 1
13 4481 1
13 4482 1
13 4486 1
13 4500 1
13 4503 1
13 4510 1
13 4530 1
13 4582 1
13 4605 6
13 4608 1
13 4634 1
13 4647 2
13 4652 2
13 4654 1
13 4660 1
13 4668 1
13 4673 1
13 4695 1
13 4712 1
13 4768 1
13 4778 2
13 4790 1
13 4811 2
13 4813 1
13 4816 1
13 4839 1
13 4842 1
13 4844 1
13 4856 2
13 4867 2
13 4889 2
13 4913 1
13 4914 2
13 4964 1
13 4990 1
13 5004 2
13 5006 7
13 5007 1
13 5026 2
14 1 2
14 2 3
14 3 1
14 4 1
14 17 1
14 19 1
14 20 1
14 25 1
14 26 1
14 27 2
14 30 1
14 36 3
14 38 1
14 43 1
14 44 4
14 45 16
14 50 1
14 53 1
14 54 7
14 55 3
14 57 1
14 58 16
14 63 1
14 68 3
14 69 1
14 70 1
14 80 17
14 81 3
14 84 1
14 89 1
14 93 1
14 95 1
14 97 4
14 100 2
14 111 1
14 116 6
14 117 1
14 118 1
14 119 1
14 120 6
14 121 1
14 122 1
14 125 1
14 132 3
14 133 1
14 135 1
14 136 1
14 137 10
14 141 2
14 143 5
14 145 1
14 146 1
14 147 1
14 149 1
14 159 2
14 160 1
14 161 1
14 165 1
14 168 2
14 169 1
14 172 4
14 175 1
14 176 1
14 180 1
14 185 14
14 186 2
14 187 1
14 193 12
14 194 1
14 197 1
14 204 3
14 205 1
14 206 2
14 208 1
14 209 1
14 210 1
14 211 1
14 215 1
14 217 1
14 218 1
14 223 1
14 227 2
14 229 9
14 230 1
14 231 2
14 237 1
14 238 1
14 239 1
14 241 4
14 242 1
14 243 2
14 244 1
14 246 1
14 247 4
14 249 1
14 250 3
14 253 6
14 254 1
14 256 2
14 257 1
14 261 3
14 264 10
14 267 3
14 270 15
14 272 5
14 274 8
14 276 1
14 281 2
14 282 2
14 284 1
14 285 1
14 287 1
14 289 1
14 293 1
14 305 1
14 306 4
14 308 1
14 309 2
14 310 1
14 317 1
14 320 3
14 322 2
14 323 2
14 331 2
14 333 1
14 334 21
14 340 1
14 343 1
14 344 1
14 345 1
14 346 3
14 349 1
14 352 1
14 354 3
14 355 1
14 356 2
14 357 1
14 361 1
14 362 6
14 363 3
14 369 6
14 370 4
14 373 1
14 374 11
14 379 43
14 381 1
14 382 1
14 386 1
14 391 7
14 393 1
14 396 1
14 399 5
14 400 2
14 403 1
14 405 11
14 406 1
14 407 4
14 408 3
14 411 1
14 413 1
14 415 1
14 418 1
14 419 1
14 420 1
14 421 2
14 425 1
14 426 2
14 428 5
14 429 2
14 433 1
14 436 2
14 437 1
14 444 1
14 445 3
14 446 1
14 448 1
14 450 3
14 451 1
14 452 5
14 453 2
14 455 1
14 459 1
14 460 1
14 461 1
14 462 1
14 463 2
14 466 2
14 468 3
14 474 24
14 477 1
14 478 9
14 480 1
14 481 1
14 484 1
14 485 1
14 487 1
14 493 1
14 494 2
14 495 1
14 498 1
14 499 2
14 501 1
14 506 2
14 511 23
14 512 6
14 515 39
14 518 2
14 519 2
14 520 1
14 521 1
14 524 1
14 525 2
14 526 1
14 529 1
14 530 2
14 531 9
14 533 3
14 534 1
14 535 5
14 537 1
14 538 1
14 539 1
14 540 1
14 545 1
14 546 1
14 548 1
14 556 1
14 562 1
14 567 1
14 571 3
14 573 1
14 574 3
14 575 1
14 583 13
14 584 1
14 586 1
14 587 15
14 588 1
14 589 1
14 591 1
14 592 1
14 595 1
14 597 1
14 607 2
14 608 1
14 609 4
14 610 1
14 611 1
14 612 5
14 623 1
14 624 1
14 625 1
14 628 2
14 637 1
14 640 1
14 641 5
14 647 1
14 648 1
14 657 3
14 660 1
14 666 3
14 672 1
14 677 1
14 678 1
14 680 2
14 681 4
14 682 18
14 685 4
14 687 1
14 688 1
14 691 1
14 695 1
14 697 2
14 698 5
14 699 1
14 701 81
14 702 1
14 703 4
14 704 2
14 705 1
14 707 3
14 708 4
14 716 4
14 717 1
14 720 2
14 721 1
14 722 1
14 723 2
14 724 1
14 725 1
14 727 1
14 728 1
14 731 1
14 732 1
14 733 1
14 734 2
14 740 1
14 743 1
14 744 3
14 745 21
14 750 1
14 751 1
14 757 1
14 758 1
14 766 1
14 767 1
14 770 5
14 771 1
14 772 1
14 773 1
14 774 2
14 776 2
14 778 2
14 779 4
14 780 4
14 781 1
14 782 1
14 785 4
14 786 1
14 788 1
14 795 2
14 797 19
14 803 7
14 809 1
14 812 1
14 813 1
14 819 3
14 821 5
14 824 9
14 825 1
14 826 2
14 827 10
14 832 1
14 834 1
14 835 11
14 836 48
14 837 1
14 838 1
14 839 1
14 843 3
14 846 3
14 847 2
14 848 2
14 849 2
14 851 1
14 856 3
14 857 3
14 858 2
14 867 1
14 871 1
14 874 1
14 875 1
14 877 1
14 878 5
14 881 7
14 887 1
14 890 2
14 891 2
14 892 2
14 899 1
14 902 1
14 903 6
14 906 2
14 907 15
14 908 1
14 909 1
14 913 1
14 915 6
14 916 2
14 917 1
14 918 1
14 919 1
14 920 12
14 921 41
14 922 17
14 923 1
14 924 1
14 925 1
14 928 1
14 933 2
14 938 1
14 939 2
14 945 1
14 946 4
14 951 1
14 952 1
14 953 1
14 954 16
14 956 1
14 959 9
14 960 19
14 963 7
14 964 2
14 965 1
14 966 1
14 968 3
14 969 1
14 970 4
14 971 4
14 972 3
14 973 2
14 976 5
14 978 2
14 980 1
14 981 1
14 984 1
14 985 1
14 988 43
14 990 1
14 991 1
14 992 1
14 997 4
14 1004 1
14 1007 1
14 1008 3
14 1011 2
14 1015 6
14 1016 2
14 1018 1
14 1019 6
14 1023 1
14 1024 4
14 1025 1
14 1033 1
14 1038 1
14 1039 3
14 1044 3
14 1045 1
14 1048 1
14 1050 1
14 1051 1
14 1062 1
14 1063 1
14 1064 1
14 1065 8
14 1069 3
14 1070 1
14 1071 1
14 1072 1
14 1073 1
14 1074 1
14 1075 2
14 1076 1
14 1081 1
14 1082 1
14 1085 1
14 1086 1
14 1087 1
14 1089 1
14 1092 2
14 1094 1
14 1095 1
14 1096 5
14 1097 1
14 1098 1
14 1099 1
14 1101 1
14 1106 1
14 1109 1
14 1111 2
14 1114 1
14 1118 3
14 1120 1
14 1121 1
14 1124 2
14 1125 1
14 1126 2
14 1127 1
14 1129 1
14 1135 2
14 1139 2
14 1143 1
14 1144 1
14 1145 6
14 1147 9
14 1148 1
14 1149 1
14 1150 1
14 1151 12
14 1152 5
14 1157 1
14 1158 2
14 1160 2
14 1161 1
14 1167 1
14 1168 1
14 1169 1
14 1170 1
14 1175 1
14 1177 1
14 1178 2
14 1180 1
14 1181 2
14 1187 2
14 1190 1
14 1191 2
14 1194 1
14 1200 2
14 1202 1
14 1204 1
14 1205 2
14 1207 1
14 1211 1
14 1212 1
14 1213 1
14 1215 1
14 1216 1
14 1218 2
14 1219 19
14 1220 2
14 1223 1
14 1226 1
14 1227 1
14 1228 2
14 1231 3
14 1232 1
14 1235 4
14 1236 5
14 1239 3
14 1240 1
14 1241 1
14 1245 14
14 1247 9
14 1257 1
14 1258 1
14 1259 1
14 1266 1
14 1268 1
14 1277 2
14 1296 1
14 1301 1
14 1303 13
14 1304 2
14 1307 1
14 1309 1
14 1310 1
14 1311 2
14 1312 1
14 1314 2
14 1315 8
14 1316 11
14 1317 11
14 1318 3
14 1322 1
14 1326 1
14 1329 2
14 1330 3
14 1331 1
14 1333 1
14 1338 1
14 1340 4
14 1341 5
14 1342 3
14 1344 1
14 1345 99
14 1346 3
14 1348 1
14 1350 5
14 1351 1
14 1352 1
14 1355 1
14 1358 2
14 1359 1
14 1365 15
14 1367 1
14 1368 1
14 1372 2
14 1375 1
14 1379 1
14 1380 1
14 1386 1
14 1388 1
14 1392 3
14 1393 3
14 1394 1
14 1400 3
14 1401 1
14 1402 1
14 1403 2
14 1411 1
14 1412 8
14 1415 6
14 1417 9
14 1418 1
14 1419 8
14 1420 2
14 1421 1
14 1422 17
14 1427 1
14 1428 3
14 1429 3
14 1430 1
14 1432 11
14 1435 3
14 1437 1
14 1438 1
14 1439 3
14 1445 4
14 1448 1
14 1449 1
14 1450 5
14 1451 1
14 1454 1
14 1455 1
14 1461 1
14 1462 2
14 1469 3
14 1474 2
14 1475 1
14 1476 2
14 1497 2
14 1498 1
14 1500 1
14 1503 1
14 1506 2
14 1508 1
14 1511 1
14 1513 2
14 1514 4
14 1516 2
14 1522 1
14 1523 25
14 1532 1
14 1533 1
14 1535 1
14 1536 90
14 1541 2
14 1542 6
14 1544 3
14 1545 1
14 1547 1
14 1552 9
14 1553 1
14 1555 5
14 1557 1
14 1558 2
14 1560 5
14 1565 3
14 1567 4
14 1570 2
14 1571 3
14 1572 2
14 1575 3
14 1576 3
14 1579 7
14 1580 7
14 1582 1
14 1584 1
14 1585 2
14 1586 1
14 1587 1
14 1588 1
14 1590 1
14 1594 1
14 1598 1
14 1603 2
14 1615 1
14 1616 2
14 1617 1
14 1618 41
14 1621 1
14 1623 1
14 1627 1
14 1628 1
14 1630 1
14 1633 1
14 1638 1
14 1640 1
14 1642 1
14 1643 1
14 1644 2
14 1648 6
14 1653 4
14 1654 2
14 1655 4
14 1656 3
14 1657 3
14 1658 2
14 1659 11
14 1660 1
14 1662 4
14 1664 1
14 1667 24
14 1671 1
14 1672 1
14 1674 1
14 1676 7
14 1677 2
14 1683 1
14 1687 4
14 1689 1
14 1690 1
14 1691 2
14 1693 1
14 1695 1
14 1696 13
14 1699 1
14 1701 1
14 1702 1
14 1705 2
14 1707 17
14 1708 7
14 1712 1
14 1713 1
14 1714 5
14 1720 1
14 1721 1
14 1722 1
14 1725 2
14 1728 1
14 1730 2
14 1731 1
14 1733 1
14 1735 1
14 1736 1
14 1737 3
14 1738 2
14 1739 25
14 1741 1
14 1744 1
14 1746 2
14 1747 17
14 1748 4
14 1749 5
14 1750 1
14 1751 1
14 1752 1
14 1753 2
14 1754 1
14 1756 1
14 1757 1
14 1758 3
14 1762 2
14 1765 2
14 1766 5
14 1770 1
14 1772 2
14 1777 1
14 1778 1
14 1783 1
14 1785 5
14 1789 1
14 1790 1
14 1793 1
14 1798 1
14 1802 2
14 1806 1
14 1813 2
14 1818 1
14 1820 1
14 1828 2
14 1829 1
14 1832 2
14 1833 4
14 1834 1
14 1835 1
14 1838 1
14 1839 1
14 1842 1
14 1846 1
14 1849 1
14 1850 1
14 1851 1
14 1853 1
14 1854 5
14 1855 1
14 1856 3
14 1858 1
14 1859 1
14 1861 1
14 1863 9
14 1865 14
14 1866 1
14 1879 4
14 1880 1
14 1882 3
14 1883 1
14 1884 1
14 1889 6
14 1890 43
14 1893 8
14 1894 3
14 1896 1
14 1902 2
14 1903 4
14 1904 1
14 1905 1
14 1907 4
14 1909 1
14 1913 1
14 1914 1
14 1916 1
14 1917 2
14 1918 3
14 1919 1
14 1927 2
14 1930 1
14 1933 5
14 1936 1
14 1939 1
14 1940 1
14 1941 8
14 1943 12
14 1944 1
14 1947 1
14 1948 24
14 1949 1
14 1951 1
14 1952 2
14 1958 1
14 1965 1
14 1967 1
14 1968 8
14 1969 3
14 1972 7
14 1974 1
14 1978 1
14 1979 1
14 1985 2
14 1987 1
14 1988 3
14 1989 16
14 1993 3
14 1994 1
14 1995 1
14 1996 1
14 1997 1
14 2000 1
14 2001 1
14 2002 1
14 2004 1
14 2006 1
14 2007 1
14 2008 1
14 2014 1
14 2015 1
14 2018 1
14 2019 2
14 2020 1
14 2021 1
14 2024 6
14 2025 1
14 2026 5
14 2027 1
14 2028 2
14 2029 3
14 2030 1
14 2033 2
14 2035 9
14 2037 1
14 2038 2
14 2040 1
14 2041 2
14 2044 1
14 2047 1
14 2056 1
14 2059 1
14 2061 3
14 2063 1
14 2065 1
14 2069 1
14 2072 1
14 2073 1
14 2074 2
14 2075 2
14 2078 3
14 2079 1
14 2084 1
14 2088 1
14 2090 1
14 2091 2
14 2101 1
14 2102 1
14 2103 5
14 2108 1
14 2110 5
14 2111 3
14 2112 11
14 2113 3
14 2114 3
14 2115 2
14 2116 3
14 2117 45
14 2119 5
14 2120 1
14 2123 1
14 2126 1
14 2127 2
14 2128 2
14 2133 4
14 2135 1
14 2136 3
14 2138 1
14 2139 2
14 2140 1
14 2141 1
14 2142 1
14 2143 1
14 2156 1
14 2158 1
14 2161 1
14 2173 1
14 2175 1
14 2179 1
14 2180 1
14 2182 1
14 2184 1
14 2185 5
14 2186 1
14 2187 1
14 2192 1
14 2196 1
14 2199 3
14 2200 3
14 2201 2
14 2205 1
14 2206 1
14 2212 2
14 2213 1
14 2220 1
14 2225 2
14 2231 1
14 2232 2
14 2233 1
14 2235 2
14 2236 20
14 2237 1
14 2239 2
14 2250 1
14 2252 1
14 2255 1
14 2259 2
14 2260 4
14 2261 1
14 2264 1
14 2273 3
14 2275 1
14 2276 6
14 2280 1
14 2281 1
14 2286 1
14 2287 11
14 2288 2
14 2289 6
14 2290 1
14 2291 26
14 2293 1
14 2294 6
14 2299 17
14 2302 1
14 2303 3
14 2304 1
14 2305 1
14 2308 47
14 2309 9
14 2310 1
14 2311 3
14 2313 2
14 2315 8
14 2316 2
14 2317 1
14 2318 2
14 2319 1
14 2320 2
14 2322 2
14 2323 1
14 2324 1
14 2328 1
14 2329 3
14 2330 3
14 2331 1
14 2334 1
14 2336 3
14 2337 1
14 2338 2
14 2339 1
14 2340 1
14 2341 1
14 2343 2
14 2344 1
14 2345 1
14 2346 1
14 2347 2
14 2348 1
14 2355 1
14 2361 1
14 2365 2
14 2368 1
14 2370 1
14 2372 5
14 2373 3
14 2378 1
14 2379 1
14 2382 2
14 2393 1
14 2394 1
14 2395 3
14 2396 2
14 2405 1
14 2407 2
14 2409 2
14 2411 1
14 2412 16
14 2414 5
14 2415 5
14 2416 1
14 2417 1
14 2418 1
14 2420 1
14 2421 2
14 2422 1
14 2424 2
14 2425 1
14 2429 2
14 2430 1
14 2432 3
14 2434 1
14 2438 1
14 2439 1
14 2443 1
14 2445 8
14 2447 38
14 2448 1
14 2449 2
14 2451 1
14 2453 2
14 2462 1
14 2463 1
14 2468 13
14 2470 2
14 2471 1
14 2473 1
14 2474 6
14 2476 1
14 2477 1
14 2478 1
14 2484 2
14 2485 12
14 2486 3
14 2488 1
14 2489 3
14 2490 1
14 2492 1
14 2493 1
14 2495 6
14 2499 1
14 2509 1
14 2515 2
14 2525 1
14 2527 2
14 2541 1
14 2542 2
14 2558 2
14 2559 1
14 2560 3
14 2561 2
14 2567 13
14 2568 1
14 2569 1
14 2570 6
14 2571 6
14 2574 2
14 2577 1
14 2580 1
14 2581 7
14 2582 4
14 2584 3
14 2586 1
14 2587 2
14 2588 2
14 2590 13
14 2591 1
14 2594 1
14 2596 1
14 2597 1
14 2598 4
14 2600 10
14 2601 1
14 2603 5
14 2604 1
14 2605 1
14 2606 1
14 2608 1
14 2609 2
14 2612 4
14 2613 6
14 2617 1
14 2618 2
14 2622 3
14 2630 1
14 2631 1
14 2632 1
14 2633 1
14 2634 6
14 2635 1
14 2637 3
14 2639 3
14 2643 3
14 2645 1
14 2647 1
14 2649 1
14 2651 1
14 2655 1
14 2657 1
14 2659 1
14 2660 1
14 2662 1
14 2663 1
14 2664 1
14 2665 1
14 2671 1
14 2673 1
14 2677 1
14 2680 1
14 2682 2
14 2683 1
14 2684 2
14 2685 1
14 2688 10
14 2691 2
14 2693 1
14 2695 5
14 2699 5
14 2700 1
14 2703 1
14 2704 2
14 2705 16
14 2706 3
14 2707 1
14 2711 1
14 2715 1
14 2716 1
14 2717 4
14 2718 2
14 2719 1
14 2720 21
14 2723 1
14 2725 1
14 2727 4
14 2730 1
14 2733 5
14 2735 1
14 2736 1
14 2739 1
14 2741 3
14 2742 1
14 2746 1
14 2750 2
14 2752 1
14 2758 2
14 2759 1
14 2760 1
14 2761 1
14 2764 4
14 2765 1
14 2766 3
14 2767 1
14 2771 1
14 2773 1
14 2778 3
14 2779 2
14 2782 2
14 2783 2
14 2786 1
14 2787 1
14 2793 1
14 2803 1
14 2804 1
14 2805 1
14 2808 1
14 2809 1
14 2812 1
14 2813 1
14 2814 8
14 2815 2
14 2816 6
14 2818 1
14 2820 1
14 2824 1
14 2826 4
14 2828 1
14 2831 2
14 2834 12
14 2837 1
14 2841 2
14 2842 2
14 2843 1
14 2845 1
14 2849 1
14 2851 4
14 2852 1
14 2853 3
14 2854 2
14 2855 1
14 2858 1
14 2860 1
14 2861 1
14 2864 1
14 2869 1
14 2879 2
14 2887 1
14 2888 1
14 2890 1
14 2892 2
14 2896 1
14 2902 3
14 2905 3
14 2909 1
14 2914 2
14 2917 2
14 2925 1
14 2930 1
14 2934 2
14 2936 1
14 2938 1
14 2939 4
14 2940 2
14 2942 1
14 2943 2
14 2944 1
14 2945 1
14 2948 1
14 2950 2
14 2956 1
14 2957 2
14 2958 1
14 2959 6
14 2963 1
14 2964 1
14 2965 1
14 2966 1
14 2967 1
14 2969 1
14 2970 15
14 2971 1
14 2972 9
14 2973 17
14 2974 1
14 2976 2
14 2977 2
14 2980 1
14 2981 3
14 2982 2
14 2983 1
14 2986 1
14 2989 2
14 2990 1
14 2992 3
14 2994 1
14 2995 1
14 2997 5
14 2998 3
14 3001 1
14 3004 2
14 3007 1
14 3012 1
14 3015 3
14 3016 1
14 3018 4
14 3019 1
14 3021 1
14 3024 2
14 3028 1
14 3029 1
14 3031 4
14 3037 1
14 3039 1
14 3041 2
14 3042 2
14 3043 3
14 3045 1
14 3046 2
14 3049 2
14 3051 1
14 3052 2
14 3055 18
14 3056 4
14 3057 1
14 3058 1
14 3059 3
14 3060 4
14 3061 16
14 3062 2
14 3063 2
14 3064 1
14 3065 1
14 3068 4
14 3069 1
14 3075 1
14 3076 3
14 3077 1
14 3078 1
14 3079 1
14 3084 1
14 3085 25
14 3086 1
14 3087 2
14 3088 1
14 3089 2
14 3094 15
14 3095 2
14 3099 1
14 3100 2
14 3103 1
14 3105 1
14 3106 1
14 3107 3
14 3109 2
14 3113 3
14 3114 1
14 3117 1
14 3120 6
14 3121 1
14 3122 2
14 3123 2
14 3124 1
14 3125 2
14 3128 1
14 3133 1
14 3134 1
14 3135 2
14 3136 1
14 3137 1
14 3138 3
14 3139 1
14 3141 1
14 3142 1
14 3150 1
14 3153 1
14 3154 3
14 3155 1
14 3156 11
14 3157 5
14 3158 3
14 3159 1
14 3160 4
14 3163 9
14 3164 7
14 3165 1
14 3166 7
14 3167 1
14 3175 1
14 3176 3
14 3180 1
14 3185 1
14 3190 1
14 3197 2
14 3199 3
14 3200 3
14 3201 1
14 3203 2
14 3204 5
14 3213 1
14 3217 3
14 3222 1
14 3223 2
14 3225 1
14 3229 3
14 3230 1
14 3231 1
14 3232 2
14 3233 5
14 3236 1
14 3239 1
14 3249 1
14 3250 1
14 3252 1
14 3259 4
14 3260 1
14 3261 3
14 3263 1
14 3264 2
14 3270 1
14 3273 3
14 3274 1
14 3280 1
14 3287 3
14 3288 2
14 3289 3
14 3290 6
14 3295 2
14 3296 5
14 3299 1
14 3300 5
14 3301 1
14 3303 1
14 3304 1
14 3306 1
14 3309 2
14 3314 3
14 3315 5
14 3316 1
14 3318 1
14 3319 1
14 3320 3
14 3321 2
14 3323 3
14 3325 3
14 3332 1
14 3337 2
14 3342 2
14 3343 3
14 3346 2
14 3348 3
14 3349 4
14 3352 1
14 3356 5
14 3359 1
14 3364 1
14 3369 1
14 3371 1
14 3376 1
14 3377 1
14 3378 1
14 3380 1
14 3381 7
14 3382 2
14 3383 7
14 3384 13
14 3385 3
14 3386 1
14 3387 1
14 3388 8
14 3390 1
14 3392 1
14 3393 2
14 3396 1
14 3397 18
14 3402 2
14 3410 1
14 3411 10
14 3412 4
14 3413 1
14 3416 1
14 3419 3
14 3421 1
14 3423 3
14 3424 2
14 3425 1
14 3426 1
14 3427 2
14 3431 1
14 3433 1
14 3434 2
14 3439 5
14 3440 5
14 3443 1
14 3445 1
14 3446 1
14 3448 1
14 3451 1
14 3452 1
14 3457 8
14 3460 3
14 3465 1
14 3466 2
14 3470 2
14 3472 2
14 3475 1
14 3476 2
14 3478 1
14 3479 1
14 3480 3
14 3484 1
14 3485 1
14 3486 1
14 3487 1
14 3488 3
14 3491 3
14 3496 1
14 3497 1
14 3498 1
14 3499 3
14 3502 1
14 3504 2
14 3506 1
14 3507 4
14 3508 3
14 3509 1
14 3510 7
14 3511 1
14 3518 1
14 3519 1
14 3521 3
14 3522 5
14 3523 13
14 3526 1
14 3529 1
14 3530 2
14 3535 1
14 3536 1
14 3537 1
14 3538 3
14 3541 2
14 3542 2
14 3546 1
14 3547 1
14 3549 6
14 3552 1
14 3553 1
14 3557 8
14 3560 12
14 3563 1
14 3564 3
14 3565 1
14 3566 1
14 3567 1
14 3573 1
14 3575 1
14 3576 2
14 3577 3
14 3580 1
14 3581 1
14 3583 1
14 3584 1
14 3585 7
14 3589 3
14 3590 1
14 3595 4
14 3599 1
14 3602 1
14 3603 1
14 3605 1
14 3610 114
14 3611 1
14 3613 1
14 3616 1
14 3617 1
14 3620 1
14 3623 1
14 3624 1
14 3625 1
14 3629 1
14 3630 1
14 3636 3
14 3638 1
14 3648 4
14 3649 5
14 3650 4
14 3651 1
14 3655 1
14 3656 1
14 3657 1
14 3662 1
14 3664 11
14 3665 2
14 3666 1
14 3667 2
14 3669 17
14 3670 1
14 3672 2
14 3678 3
14 3679 3
14 3682 1
14 3684 1
14 3685 1
14 3688 1
14 3689 1
14 3693 5
14 3694 1
14 3697 1
14 3699 1
14 3704 1
14 3706 2
14 3709 3
14 3710 4
14 3711 1
14 3714 3
14 3716 1
14 3717 1
14 3719 7
14 3722 1
14 3723 8
14 3724 1
14 3725 11
14 3726 1
14 3727 17
14 3728 4
14 3732 2
14 3733 1
14 3734 1
14 3737 4
14 3738 1
14 3739 3
14 3743 1
14 3744 1
14 3746 4
14 3747 12
14 3748 1
14 3750 1
14 3755 1
14 3756 3
14 3761 1
14 3763 2
14 3765 1
14 3766 2
14 3768 1
14 3769 1
14 3770 1
14 3774 3
14 3778 1
14 3779 2
14 3781 1
14 3783 3
14 3785 16
14 3786 18
14 3787 5
14 3788 1
14 3790 1
14 3792 1
14 3793 1
14 3796 1
14 3797 1
14 3798 7
14 3800 3
14 3801 1
14 3803 1
14 3804 5
14 3808 1
14 3809 22
14 3811 3
14 3812 28
14 3813 1
14 3814 1
14 3815 1
14 3816 1
14 3817 1
14 3818 1
14 3819 24
14 3821 1
14 3823 1
14 3824 1
14 3825 3
14 3827 16
14 3828 6
14 3830 2
14 3835 1
14 3838 37
14 3844 1
14 3849 1
14 3850 1
14 3852 1
14 3857 1
14 3859 3
14 3864 39
14 3867 1
14 3869 1
14 3870 2
14 3871 1
14 3875 1
14 3877 1
14 3878 9
14 3879 27
14 3880 1
14 3881 1
14 3882 3
14 3885 1
14 3887 1
14 3888 1
14 3893 2
14 3894 1
14 3897 1
14 3898 1
14 3899 4
14 3901 1
14 3902 6
14 3903 4
14 3904 20
14 3906 2
14 3907 1
14 3908 3
14 3910 1
14 3911 2
14 3914 1
14 3915 12
14 3922 4
14 3925 1
14 3926 2
14 3927 2
14 3939 1
14 3940 3
14 3942 7
14 3944 15
14 3945 1
14 3946 1
14 3959 9
14 3960 1
14 3963 1
14 3967 1
14 3970 1
14 3973 1
14 3977 1
14 3981 8
14 3984 4
14 3987 1
14 3988 2
14 3989 5
14 3992 1
14 3994 1
14 3996 1
14 4004 1
14 4005 1
14 4007 1
14 4008 1
14 4010 5
14 4011 4
14 4015 2
14 4016 1
14 4018 1
14 4019 4
14 4021 7
14 4022 7
14 4024 2
14 4026 2
14 4028 3
14 4035 1
14 4036 1
14 4037 1
14 4038 1
14 4042 1
14 4044 3
14 4045 2
14 4046 11
14 4047 1
14 4052 1
14 4053 1
14 4054 1
14 4055 2
14 4057 1
14 4060 2
14 4061 2
14 4062 1
14 4066 3
14 4067 1
14 4068 8
14 4070 2
14 4071 2
14 4072 1
14 4081 1
14 4083 3
14 4084 1
14 4085 4
14 4086 1
14 4087 2
14 4090 3
14 4091 1
14 4094 1
14 4096 1
14 4097 2
14 4098 1
14 4104 1
14 4111 1
14 4115 1
14 4119 1
14 4120 6
14 4121 1
14 4123 1
14 4125 4
14 4127 1
14 4128 4
14 4131 2
14 4137 1
14 4138 1
14 4144 1
14 4145 1
14 4146 1
14 4148 1
14 4149 2
14 4154 1
14 4156 2
14 4159 1
14 4160 1
14 4165 3
14 4166 1
14 4168 3
14 4172 6
14 4173 1
14 4174 1
14 4182 2
14 4183 1
14 4184 24
14 4185 1
14 4186 2
14 4192 3
14 4193 1
14 4195 1
14 4200 1
14 4204 1
14 4207 1
14 4211 1
14 4212 6
14 4214 1
14 4215 7
14 4221 35
14 4224 1
14 4226 1
14 4227 1
14 4232 1
14 4234 1
14 4238 1
14 4242 1
14 4243 6
14 4244 3
14 4246 1
14 4247 1
14 4251 2
14 4252 1
14 4253 10
14 4254 1
14 4255 4
14 4256 3
14 4257 1
14 4258 9
14 4259 8
14 4260 2
14 4261 6
14 4262 1
14 4263 1
14 4264 2
14 4269 2
14 4270 1
14 4279 1
14 4280 3
14 4283 1
14 4284 4
14 4285 1
14 4286 1
14 4287 1
14 4291 1
14 4292 1
14 4296 2
14 4298 3
14 4299 10
14 4308 2
14 4313 1
14 4318 1
14 4321 5
14 4322 3
14 4324 6
14 4325 3
14 4326 1
14 4328 1
14 4329 2
14 4330 1
14 4332 1
14 4335 1
14 4337 1
14 4340 1
14 4342 1
14 4344 2
14 4345 1
14 4346 2
14 4347 27
14 4351 1
14 4352 1
14 4356 1
14 4358 3
14 4359 2
14 4360 1
14 4362 2
14 4366 1
14 4370 1
14 4371 2
14 4372 1
14 4374 1
14 4375 10
14 4378 1
14 4379 1
14 4382 8
14 4383 1
14 4384 1
14 4387 1
14 4390 1
14 4393 1
14 4394 1
14 4395 2
14 4401 2
14 4403 3
14 4405 1
14 4406 3
14 4409 4
14 4412 4
14 4413 1
14 4415 2
14 4417 2
14 4418 2
14 4419 1
14 4421 1
14 4422 1
14 4423 4
14 4424 1
14 4426 2
14 4427 1
14 4432 3
14 4433 4
14 4434 2
14 4436 1
14 4438 25
14 4439 5
14 4440 5
14 4441 7
14 4442 2
14 4444 5
14 4446 1
14 4450 1
14 4451 1
14 4455 4
14 4456 1
14 4457 1
14 4458 6
14 4460 1
14 4461 2
14 4463 3
14 4464 1
14 4469 1
14 4470 1
14 4472 4
14 4473 2
14 4474 1
14 4475 2
14 4476 1
14 4478 1
14 4480 2
14 4486 5
14 4487 1
14 4488 3
14 4491 1
14 4494 1
14 4496 3
14 4498 2
14 4501 4
14 4502 4
14 4505 1
14 4506 1
14 4508 1
14 4509 7
14 4511 2
14 4517 3
14 4518 11
14 4519 4
14 4524 1
14 4525 2
14 4530 7
14 4531 1
14 4534 1
14 4535 1
14 4541 1
14 4543 1
14 4551 2
14 4553 1
14 4554 1
14 4555 1
14 4556 1
14 4557 1
14 4561 4
14 4562 1
14 4563 1
14 4572 1
14 4575 6
14 4576 1
14 4577 8
14 4581 1
14 4586 1
14 4587 1
14 4588 3
14 4589 1
14 4590 1
14 4591 2
14 4592 2
14 4598 1
14 4601 3
14 4605 1
14 4615 1
14 4619 1
14 4622 1
14 4624 1
14 4626 1
14 4627 1
14 4629 1
14 4631 4
14 4633 3
14 4638 1
14 4647 3
14 4653 2
14 4657 1
14 4658 2
14 4659 2
14 4663 1
14 4666 1
14 4670 2
14 4672 4
14 4675 1
14 4676 1
14 4678 1
14 4679 1
14 4680 1
14 4682 1
14 4686 2
14 4687 2
14 4692 1
14 4693 1
14 4694 1
14 4695 2
14 4697 1
14 4705 1
14 4709 2
14 4711 1
14 4722 1
14 4723 1
14 4725 1
14 4733 4
14 4741 1
14 4742 1
14 4743 5
14 4744 1
14 4745 1
14 4748 2
14 4749 1
14 4750 1
14 4752 15
14 4755 1
14 4758 1
14 4761 1
14 4765 2
14 4766 2
14 4771 1
14 4782 1
14 4783 3
14 4784 2
14 4791 3
14 4797 3
14 4798 1
14 4801 2
14 4802 2
14 4803 4
14 4805 6
14 4811 4
14 4812 3
14 4813 19
14 4814 3
14 4816 6
14 4817 2
14 4818 1
14 4821 1
14 4822 8
14 4824 2
14 4825 1
14 4826 1
14 4829 1
14 4830 1
14 4835 2
14 4836 1
14 4837 5
14 4839 8
14 4841 1
14 4844 7
14 4846 11
14 4850 1
14 4852 8
14 4856 1
14 4859 1
14 4862 1
14 4864 2
14 4866 1
14 4869 1
14 4870 1
14 4871 2
14 4872 2
14 4874 27
14 4877 6
14 4881 1
14 4882 2
14 4883 1
14 4884 1
14 4885 2
14 4886 1
14 4889 1
14 4890 1
14 4892 1
14 4894 2
14 4899 1
14 4901 1
14 4903 6
14 4907 1
14 4908 2
14 4910 1
14 4914 2
14 4915 1
14 4916 1
14 4925 1
14 4927 4
14 4931 1
14 4932 1
14 4933 1
14 4942 2
14 4943 1
14 4947 1
14 4948 1
14 4951 1
14 4956 1
14 4957 1
14 4958 1
14 4967 4
14 4969 2
14 4971 2
14 4972 1
14 4973 1
14 4975 1
14 4978 1
14 4985 1
14 4992 4
14 4993 2
14 4998 2
14 5006 133
14 5007 13
14 5008 2
14 5011 2
14 5012 1
14 5013 1
14 5015 12
14 5016 1
14 5017 7
14 5018 1
14 5019 5
14 5020 4
14 5021 1
14 5026 3
14 5028 2
14 5029 25
14 5030 1
14 5031 2
14 5034 1
15 2 1
15 96 1
15 148 2
15 179 2
15 185 1
15 229 1
15 236 1
15 270 3
15 280 1
15 287 1
15 304 1
15 315 1
15 320 1
15 328 1
15 334 2
15 343 2
15 344 2
15 354 1
15 355 1
15 361 4
15 363 1
15 369 1
15 408 1
15 416 1
15 451 1
15 455 1
15 463 1
15 474 1
15 475 1
15 478 5
15 511 2
15 512 1
15 515 4
15 516 2
15 529 1
15 548 1
15 559 1
15 568 1
15 604 1
15 606 1
15 614 1
15 633 1
15 636 1
15 639 1
15 641 1
15 660 2
15 668 1
15 669 1
15 674 1
15 692 2
15 701 1
15 707 1
15 708 3
15 712 2
15 762 1
15 779 2
15 795 1
15 797 2
15 817 1
15 818 1
15 824 1
15 827 1
15 835 3
15 836 1
15 881 1
15 896 1
15 928 1
15 960 1
15 978 2
15 979 1
15 985 1
15 988 3
15 995 3
15 998 1
15 1005 1
15 1015 1
15 1022 2
15 1024 1
15 1043 1
15 1052 2
15 1056 1
15 1063 1
15 1064 4
15 1065 9
15 1066 1
15 1106 1
15 1108 1
15 1111 1
15 1113 1
15 1124 1
15 1128 1
15 1132 1
15 1139 1
15 1153 1
15 1158 1
15 1188 1
15 1201 1
15 1219 1
15 1227 1
15 1238 1
15 1243 1
15 1245 13
15 1247 1
15 1257 1
15 1261 1
15 1267 1
15 1276 1
15 1281 1
15 1284 1
15 1285 1
15 1289 1
15 1290 1
15 1303 5
15 1313 1
15 1335 1
15 1342 1
15 1357 1
15 1358 2
15 1365 2
15 1374 1
15 1375 2
15 1377 1
15 1393 1
15 1401 1
15 1407 2
15 1417 4
15 1420 1
15 1421 1
15 1422 6
15 1458 1
15 1464 1
15 1501 1
15 1523 1
15 1536 2
15 1542 3
15 1554 1
15 1568 2
15 1620 1
15 1634 2
15 1635 1
15 1655 1
15 1661 1
15 1666 1
15 1682 1
15 1705 1
15 1716 1
15 1721 1
15 1732 1
15 1736 1
15 1758 2
15 1802 1
15 1803 1
15 1822 2
15 1851 1
15 1865 1
15 1872 1
15 1886 1
15 1899 2
15 1939 2
15 1972 7
15 1980 1
15 1985 2
15 1986 1
15 1992 2
15 1993 2
15 2053 1
15 2058 1
15 2065 1
15 2071 1
15 2110 1
15 2112 2
15 2116 1
15 2117 1
15 2119 1
15 2136 1
15 2218 1
15 2244 1
15 2247 2
15 2248 2
15 2264 1
15 2281 2
15 2283 1
15 2287 7
15 2291 4
15 2308 2
15 2312 1
15 2380 1
15 2412 1
15 2413 2
15 2432 1
15 2447 9
15 2450 1
15 2468 1
15 2470 1
15 2472 1
15 2495 1
15 2498 1
15 2523 2
15 2547 1
15 2571 1
15 2598 1
15 2611 1
15 2622 1
15 2633 1
15 2636 1
15 2637 1
15 2679 1
15 2680 1
15 2696 1
15 2705 2
15 2718 1
15 2795 1
15 2814 1
15 2822 1
15 2824 1
15 2825 1
15 2829 1
15 2839 1
15 2884 1
15 2917 1
15 2943 1
15 2944 1
15 2957 1
15 2975 2
15 2991 1
15 3001 1
15 3031 2
15 3032 1
15 3036 1
15 3048 2
15 3049 4
15 3051 1
15 3052 1
15 3060 1
15 3061 1
15 3067 1
15 3072 2
15 3073 1
15 3075 1
15 3083 1
15 3089 1
15 3095 1
15 3097 1
15 3100 1
15 3107 1
15 3108 1
15 3110 2
15 3113 4
15 3115 1
15 3116 1
15 3118 1
15 3155 5
15 3160 1
15 3163 1
15 3172 2
15 3193 1
15 3198 1
15 3203 2
15 3210 1
15 3223 5
15 3224 1
15 3240 1
15 3241 1
15 3262 1
15 3277 1
15 3280 1
15 3283 1
15 3285 1
15 3287 6
15 3288 1
15 3295 1
15 3299 1
15 3302 1
15 3310 1
15 3314 5
15 3342 1
15 3344 1
15 3345 1
15 3356 1
15 3383 3
15 3384 3
15 3393 2
15 3399 1
15 3409 1
15 3435 1
15 3436 1
15 3439 1
15 3490 3
15 3503 1
15 3504 1
15 3521 1
15 3523 1
15 3544 1
15 3547 1
15 3549 1
15 3555 1
15 3556 1
15 3559 1
15 3569 2
15 3585 2
15 3586 1
15 3588 1
15 3594 2
15 3604 1
15 3612 1
15 3668 1
15 3692 2
15 3708 1
15 3715 1
15 3719 3
15 3727 1
15 3746 2
15 3749 1
15 3757 1
15 3768 1
15 3804 1
15 3806 1
15 3819 2
15 3828 2
15 3838 1
15 3864 3
15 3870 1
15 3871 1
15 3873 1
15 3876 1
15 3878 2
15 3883 1
15 3911 1
15 3916 1
15 3918 2
15 3927 1
15 3952 1
15 3953 1
15 3959 3
15 3964 1
15 3989 5
15 3991 1
15 4004 2
15 4012 4
15 4022 2
15 4026 2
15 4028 1
15 4046 1
15 4049 1
15 4065 1
15 4084 1
15 4086 3
15 4120 2
15 4129 3
15 4153 1
15 4161 4
15 4163 1
15 4170 1
15 4172 1
15 4190 1
15 4192 1
15 4204 2
15 4221 1
15 4243 2
15 4272 1
15 4289 1
15 4316 1
15 4325 1
15 4343 1
15 4347 1
15 4363 6
15 4364 1
15 4386 1
15 4430 1
15 4438 4
15 4466 2
15 4467 1
15 4515 1
15 4524 2
15 4526 1
15 4528 2
15 4530 1
15 4540 1
15 4551 1
15 4560 2
15 4561 1
15 4590 1
15 4596 2
15 4612 2
15 4635 2
15 4636 1
15 4640 2
15 4668 1
15 4754 1
15 4764 1
15 4766 1
15 4775 1
15 4810 1
15 4813 4
15 4818 1
15 4820 1
15 4835 1
15 4836 1
15 4837 5
15 4852 1
15 4863 1
15 4871 1
15 4874 4
15 4875 1
15 4894 1
15 4895 1
15 4914 4
15 4919 1
15 4929 1
15 4953 1
15 4962 1
15 4967 1
15 4978 1
15 5006 4
15 5007 1
15 5027 2
16 10 1
16 12 1
16 24 1
16 37 3
16 39 2
16 48 2
16 59 1
16 60 2
16 61 8
16 62 2
16 66 3
16 68 2
16 84 1
16 98 1
16 102 1
16 105 1
16 109 1
16 113 1
16 116 1
16 127 2
16 171 1
16 191 2
16 194 1
16 203 1
16 204 1
16 206 1
16 223 1
16 227 1
16 229 1
16 232 2
16 233 1
16 239 1
16 247 4
16 248 2
16 250 1
16 263 2
16 268 1
16 270 8
16 274 1
16 287 4
16 288 1
16 307 1
16 311 1
16 324 3
16 325 1
16 330 3
16 334 1
16 350 2
16 353 1
16 359 1
16 360 1
16 361 4
16 366 3
16 377 1
16 378 2
16 407 1
16 409 1
16 412 1
16 413 1
16 423 1
16 430 1
16 450 2
16 451 2
16 452 2
16 456 1
16 458 1
16 463 1
16 474 5
16 478 7
16 487 1
16 489 1
16 494 1
16 496 1
16 501 2
16 511 5
16 514 1
16 515 8
16 526 1
16 528 1
16 529 1
16 536 1
16 541 3
16 543 2
16 549 1
16 551 1
16 559 3
16 565 1
16 567 1
16 571 1
16 578 1
16 585 1
16 616 1
16 618 1
16 622 1
16 623 4
16 626 1
16 627 1
16 628 2
16 629 1
16 632 1
16 633 1
16 634 1
16 635 1
16 659 1
16 660 1
16 665 1
16 673 2
16 680 1
16 684 1
16 689 1
16 690 1
16 692 1
16 697 3
16 698 2
16 701 4
16 708 1
16 709 2
16 714 1
16 715 1
16 720 1
16 741 1
16 753 1
16 760 1
16 762 5
16 769 2
16 774 1
16 779 2
16 782 2
16 789 1
16 795 18
16 805 1
16 818 3
16 819 1
16 824 4
16 827 1
16 835 1
16 841 1
16 859 3
16 870 1
16 896 1
16 910 1
16 920 1
16 922 1
16 946 1
16 950 1
16 960 4
16 976 1
16 982 1
16 985 2
16 988 2
16 989 1
16 1003 1
16 1006 3
16 1011 1
16 1013 1
16 1015 4
16 1028 1
16 1029 1
16 1037 1
16 1046 1
16 1047 4
16 1050 2
16 1059 1
16 1065 18
16 1079 1
16 1085 1
16 1089 1
16 1102 1
16 1103 1
16 1137 1
16 1144 1
16 1160 1
16 1166 1
16 1167 7
16 1208 1
16 1209 1
16 1214 1
16 1217 4
16 1219 4
16 1220 3
16 1231 4
16 1236 4
16 1237 2
16 1239 1
16 1245 2
16 1246 1
16 1247 2
16 1251 1
16 1262 1
16 1277 1
16 1280 1
16 1287 5
16 1293 1
16 1294 1
16 1303 3
16 1304 1
16 1305 1
16 1318 1
16 1323 2
16 1329 7
16 1335 2
16 1337 7
16 1340 1
16 1358 6
16 1369 7
16 1374 2
16 1375 1
16 1376 2
16 1395 1
16 1416 1
16 1417 10
16 1422 8
16 1424 1
16 1425 5
16 1426 1
16 1427 1
16 1439 1
16 1450 2
16 1468 1
16 1472 1
16 1478 1
16 1480 1
16 1483 1
16 1485 1
16 1488 1
16 1492 1
16 1513 2
16 1514 1
16 1539 1
16 1540 1
16 1542 1
16 1544 1
16 1552 2
16 1553 2
16 1567 1
16 1596 1
16 1600 1
16 1606 2
16 1608 1
16 1610 1
16 1611 1
16 1618 29
16 1622 1
16 1651 1
16 1653 2
16 1681 1
16 1691 1
16 1692 2
16 1705 3
16 1719 2
16 1722 4
16 1725 1
16 1753 1
16 1758 2
16 1762 1
16 1776 1
16 1781 1
16 1782 1
16 1784 1
16 1785 1
16 1795 1
16 1800 1
16 1802 2
16 1806 1
16 1812 3
16 1814 1
16 1818 3
16 1819 3
16 1820 1
16 1821 5
16 1822 1
16 1824 1
16 1826 1
16 1831 1
16 1840 2
16 1854 4
16 1864 1
16 1867 1
16 1872 8
16 1878 1
16 1890 1
16 1902 5
16 1912 1
16 1917 2
16 1918 1
16 1923 1
16 1925 2
16 1929 2
16 1931 1
16 1933 9
16 1935 2
16 1939 10
16 1946 19
16 1948 1
16 1961 4
16 1962 1
16 1972 5
16 1980 1
16 1989 5
16 2003 2
16 2004 2
16 2009 1
16 2011 1
16 2015 1
16 2017 1
16 2025 1
16 2029 2
16 2031 1
16 2035 2
16 2067 1
16 2071 8
16 2076 1
16 2079 3
16 2087 1
16 2089 1
16 2090 1
16 2092 1
16 2094 1
16 2099 3
16 2103 1
16 2104 2
16 2110 1
16 2113 1
16 2114 2
16 2116 1
16 2117 14
16 2118 1
16 2119 2
16 2121 2
16 2128 1
16 2133 1
16 2150 1
16 2154 1
16 2159 1
16 2165 21
16 2168 42
16 2169 1
16 2170 2
16 2171 9
16 2173 1
16 2177 1
16 2178 2
16 2181 2
16 2188 1
16 2195 7
16 2207 1
16 2225 1
16 2234 3
16 2236 2
16 2237 1
16 2240 1
16 2243 1
16 2245 1
16 2249 1
16 2263 1
16 2265 1
16 2266 1
16 2278 1
16 2279 1
16 2281 1
16 2287 1
16 2291 3
16 2292 1
16 2296 1
16 2300 1
16 2308 3
16 2309 3
16 2321 1
16 2339 1
16 2341 4
16 2362 1
16 2363 3
16 2376 1
16 2377 1
16 2380 10
16 2387 1
16 2389 3
16 2390 2
16 2393 1
16 2399 2
16 2400 2
16 2401 6
16 2407 1
16 2410 1
16 2412 8
16 2419 6
16 2423 1
16 2424 2
16 2427 5
16 2431 4
16 2432 1
16 2445 1
16 2447 10
16 2448 1
16 2450 1
16 2451 9
16 2453 2
16 2454 1
16 2462 3
16 2464 1
16 2468 2
16 2470 1
16 2482 1
16 2509 1
16 2513 1
16 2515 2
16 2524 4
16 2525 2
16 2527 6
16 2532 1
16 2552 1
16 2562 1
16 2564 1
16 2565 1
16 2566 3
16 2570 2
16 2571 1
16 2572 1
16 2575 1
16 2584 1
16 2593 1
16 2598 3
16 2602 1
16 2611 1
16 2612 2
16 2613 4
16 2629 1
16 2631 1
16 2637 1
16 2651 1
16 2653 2
16 2657 1
16 2658 1
16 2671 1
16 2676 1
16 2681 1
16 2694 1
16 2699 1
16 2701 1
16 2702 4
16 2703 1
16 2705 3
16 2711 5
16 2715 1
16 2718 1
16 2725 4
16 2727 1
16 2732 1
16 2740 1
16 2751 1
16 2758 1
16 2761 5
16 2762 2
16 2763 3
16 2769 2
16 2770 3
16 2771 1
16 2772 1
16 2775 1
16 2776 1
16 2791 3
16 2796 1
16 2805 1
16 2814 1
16 2817 2
16 2819 1
16 2826 2
16 2830 1
16 2842 1
16 2846 1
16 2857 3
16 2858 1
16 2862 1
16 2875 1
16 2876 1
16 2905 2
16 2908 1
16 2910 2
16 2913 1
16 2914 1
16 2941 1
16 2944 2
16 2945 2
16 2954 1
16 2957 2
16 2958 3
16 2960 1
16 2961 1
16 2970 1
16 2977 2
16 2980 1
16 2981 1
16 2984 1
16 2999 1
16 3000 1
16 3014 1
16 3031 4
16 3033 1
16 3040 1
16 3048 1
16 3049 2
16 3051 6
16 3053 1
16 3054 5
16 3055 1
16 3058 2
16 3060 1
16 3061 1
16 3070 1
16 3076 1
16 3079 2
16 3082 1
16 3100 1
16 3101 2
16 3102 1
16 3104 4
16 3107 2
16 3120 1
16 3123 1
16 3125 1
16 3127 2
16 3129 1
16 3156 1
16 3163 2
16 3164 2
16 3168 1
16 3170 1
16 3172 1
16 3173 1
16 3185 2
16 3186 2
16 3191 1
16 3192 1
16 3207 2
16 3211 4
16 3212 2
16 3213 1
16 3216 1
16 3223 1
16 3224 1
16 3228 1
16 3229 1
16 3234 1
16 3235 1
16 3240 1
16 3242 1
16 3253 2
16 3257 1
16 3271 1
16 3276 1
16 3278 1
16 3281 1
16 3292 2
16 3300 1
16 3308 4
16 3310 5
16 3311 2
16 3314 8
16 3321 3
16 3332 1
16 3339 1
16 3340 1
16 3354 1
16 3356 2
16 3372 1
16 3373 1
16 3375 1
16 3377 1
16 3379 1
16 3393 1
16 3404 1
16 3406 2
16 3407 1
16 3411 2
16 3429 1
16 3435 1
16 3436 1
16 3437 1
16 3439 1
16 3440 5
16 3443 1
16 3448 1
16 3449 1
16 3452 1
16 3466 1
16 3471 1
16 3474 1
16 3488 2
16 3500 1
16 3504 2
16 3510 1
16 3522 2
16 3523 2
16 3525 1
16 3526 1
16 3528 1
16 3540 1
16 3541 1
16 3549 1
16 3551 1
16 3568 1
16 3570 1
16 3585 1
16 3586 1
16 3592 2
16 3594 1
16 3598 2
16 3599 1
16 3600 1
16 3603 4
16 3608 1
16 3612 1
16 3615 1
16 3617 2
16 3621 1
16 3633 3
16 3637 1
16 3639 1
16 3645 1
16 3646 4
16 3652 1
16 3653 1
16 3670 1
16 3677 4
16 3691 3
16 3704 1
16 3711 1
16 3712 1
16 3718 1
16 3719 7
16 3729 2
16 3731 7
16 3740 1
16 3743 2
16 3744 6
16 3746 1
16 3747 7
16 3776 1
16 3777 1
16 3794 8
16 3796 1
16 3807 1
16 3812 2
16 3816 2
16 3825 3
16 3828 2
16 3834 3
16 3838 2
16 3845 1
16 3847 8
16 3851 1
16 3854 1
16 3856 2
16 3862 1
16 3864 5
16 3865 1
16 3870 7
16 3874 1
16 3878 3
16 3883 3
16 3891 1
16 3892 1
16 3909 1
16 3910 1
16 3915 65
16 3921 1
16 3923 1
16 3926 1
16 3933 4
16 3938 2
16 3942 1
16 3944 1
16 3947 1
16 3956 1
16 3963 1
16 3974 1
16 3980 1
16 3984 3
16 3989 4
16 3994 1
16 3995 1
16 3996 3
16 3997 3
16 4004 6
16 4011 1
16 4013 1
16 4020 1
16 4021 1
16 4022 5
16 4026 4
16 4038 1
16 4039 2
16 4046 1
16 4047 1
16 4049 2
16 4050 1
16 4056 1
16 4061 1
16 4063 1
16 4067 1
16 4069 1
16 4080 1
16 4083 2
16 4084 2
16 4085 1
16 4086 1
16 4088 1
16 4102 2
16 4104 1
16 4108 1
16 4112 1
16 4118 1
16 4121 2
16 4123 1
16 4124 5
16 4134 1
16 4140 1
16 4146 2
16 4151 1
16 4161 1
16 4163 10
16 4167 1
16 4180 1
16 4181 1
16 4185 2
16 4186 1
16 4203 1
16 4221 4
16 4222 1
16 4230 1
16 4234 2
16 4237 2
16 4253 3
16 4261 1
16 4265 1
16 4268 1
16 4270 1
16 4277 1
16 4278 2
16 4282 1
16 4285 6
16 4301 1
16 4302 3
16 4306 1
16 4315 2
16 4316 1
16 4317 2
16 4320 3
16 4326 2
16 4342 1
16 4343 4
16 4347 12
16 4353 1
16 4361 1
16 4367 7
16 4370 1
16 4378 2
16 4403 1
16 4404 4
16 4406 1
16 4409 3
16 4410 1
16 4438 8
16 4439 4
16 4441 1
16 4443 2
16 4458 1
16 4470 1
16 4472 1
16 4477 1
16 4502 1
16 4509 1
16 4513 1
16 4529 1
16 4533 2
16 4539 1
16 4561 1
16 4571 1
16 4572 1
16 4575 3
16 4578 1
16 4580 2
16 4581 2
16 4593 1
16 4595 1
16 4604 2
16 4616 1
16 4618 1
16 4623 1
16 4626 1
16 4637 1
16 4648 1
16 4650 1
16 4655 1
16 4669 1
16 4677 1
16 4689 1
16 4691 1
16 4702 2
16 4703 1
16 4705 3
16 4706 1
16 4707 1
16 4710 1
16 4714 1
16 4716 1
16 4717 6
16 4731 1
16 4732 2
16 4736 1
16 4737 1
16 4738 1
16 4739 2
16 4743 3
16 4744 1
16 4754 5
16 4756 6
16 4762 1
16 4763 5
16 4772 1
16 4776 1
16 4777 1
16 4778 3
16 4786 3
16 4789 6
16 4799 1
16 4801 2
16 4802 2
16 4811 4
16 4823 1
16 4830 2
16 4831 1
16 4834 1
16 4835 1
16 4837 1
16 4849 1
16 4853 1
16 4861 1
16 4862 1
16 4863 1
16 4864 2
16 4871 1
16 4874 13
16 4875 6
16 4878 2
16 4884 1
16 4885 1
16 4889 2
16 4894 1
16 4914 2
16 4917 1
16 4922 1
16 4934 1
16 4935 1
16 4945 1
16 4976 2
16 4977 2
16 4983 1
16 4985 4
16 4992 1
16 5006 13
16 5007 1
16 5009 1
16 5010 2
16 5011 1
16 5012 1
16 5023 1
16 5026 5
17 153 1
17 222 1
17 228 1
17 229 3
17 236 1
17 270 2
17 274 1
17 291 1
17 323 1
17 354 1
17 369 1
17 389 1
17 392 1
17 418 1
17 426 1
17 447 1
17 450 1
17 451 1
17 497 1
17 562 2
17 649 1
17 664 1
17 689 1
17 701 1
17 751 1
17 795 1
17 819 1
17 830 1
17 831 1
17 853 1
17 920 1
17 1012 2
17 1015 2
17 1030 4
17 1111 1
17 1118 1
17 1185 1
17 1198 2
17 1205 1
17 1219 1
17 1276 1
17 1277 1
17 1286 1
17 1304 1
17 1361 1
17 1418 1
17 1422 4
17 1507 1
17 1509 1
17 1618 3
17 1902 4
17 1917 1
17 1939 2
17 1944 3
17 1972 2
17 1989 1
17 2016 1
17 2078 1
17 2114 1
17 2117 2
17 2127 1
17 2186 1
17 2251 1
17 2262 1
17 2276 1
17 2308 1
17 2450 1
17 2451 1
17 2474 1
17 2491 1
17 2496 1
17 2538 3
17 2541 3
17 2620 1
17 2670 1
17 2686 1
17 2687 1
17 2704 1
17 2705 1
17 2727 1
17 2811 1
17 2826 1
17 2886 2
17 2976 1
17 2981 1
17 2983 1
17 3055 1
17 3129 1
17 3155 2
17 3200 1
17 3245 1
17 3312 1
17 3314 3
17 3315 1
17 3389 1
17 3401 1
17 3406 1
17 3439 1
17 3440 1
17 3521 1
17 3523 1
17 3551 1
17 3694 1
17 3746 1
17 3753 1
17 3772 1
17 3838 2
17 3864 4
17 3878 4
17 3905 1
17 3940 1
17 4004 1
17 4014 1
17 4021 1
17 4027 1
17 4048 1
17 4068 1
17 4108 1
17 4123 5
17 4126 1
17 4168 1
17 4169 1
17 4209 1
17 4213 1
17 4243 1
17 4298 1
17 4330 1
17 4373 1
17 4381 3
17 4389 2
17 4395 1
17 4398 1
17 4469 3
17 4502 2
17 4506 1
17 4528 2
17 4551 1
17 4564 1
17 4601 2
17 4603 1
17 4640 1
17 4675 1
17 4683 1
17 4811 1
17 4813 2
17 4814 1
17 4837 1
17 4867 1
17 4874 8
17 4976 1
17 4989 2
17 5004 1
17 5006 5
18 2 1
18 6 1
18 13 1
18 16 15
18 21 1
18 23 1
18 29 1
18 32 1
18 58 1
18 60 1
18 61 1
18 64 2
18 68 1
18 71 1
18 85 1
18 90 1
18 92 1
18 101 1
18 110 1
18 114 1
18 124 1
18 127 1
18 129 1
18 131 1
18 132 1
18 142 1
18 152 1
18 167 1
18 170 1
18 178 1
18 181 2
18 183 1
18 184 2
18 185 10
18 189 1
18 192 1
18 196 1
18 204 1
18 214 1
18 215 1
18 217 1
18 222 1
18 225 1
18 226 1
18 228 2
18 229 1
18 235 1
18 236 2
18 245 1
18 247 4
18 263 1
18 264 1
18 267 1
18 270 1
18 272 3
18 273 1
18 274 4
18 296 2
18 304 1
18 305 1
18 309 2
18 310 1
18 311 1
18 324 1
18 332 1
18 334 2
18 337 1
18 351 1
18 361 1
18 365 1
18 388 1
18 393 2
18 399 1
18 401 1
18 404 1
18 410 1
18 415 2
18 422 1
18 426 3
18 428 2
18 432 2
18 440 1
18 446 1
18 449 1
18 451 1
18 454 1
18 464 1
18 467 1
18 470 1
18 478 4
18 484 1
18 486 1
18 492 1
18 494 2
18 503 1
18 505 1
18 508 1
18 511 5
18 518 1
18 538 1
18 551 3
18 554 1
18 559 2
18 563 1
18 564 1
18 568 2
18 569 1
18 576 1
18 590 1
18 596 2
18 598 3
18 601 1
18 602 1
18 612 3
18 615 1
18 616 1
18 619 1
18 620 1
18 621 1
18 623 1
18 628 1
18 630 1
18 633 1
18 650 1
18 651 1
18 652 1
18 653 1
18 656 1
18 662 1
18 663 1
18 664 1
18 668 1
18 670 1
18 676 1
18 682 5
18 683 1
18 690 1
18 696 1
18 701 4
18 706 2
18 711 1
18 720 2
18 721 1
18 727 1
18 740 1
18 741 1
18 742 1
18 745 3
18 746 1
18 748 1
18 754 1
18 770 1
18 774 2
18 775 2
18 777 1
18 779 1
18 783 1
18 784 1
18 787 2
18 789 1
18 791 1
18 795 3
18 797 2
18 815 1
18 818 1
18 819 1
18 824 1
18 826 2
18 827 4
18 828 1
18 829 1
18 836 1
18 845 2
18 847 1
18 856 2
18 859 1
18 864 1
18 865 1
18 866 1
18 867 1
18 868 1
18 881 1
18 897 3
18 901 2
18 914 1
18 915 1
18 920 1
18 923 1
18 927 1
18 936 1
18 945 1
18 946 2
18 947 1
18 950 1
18 959 2
18 960 9
18 962 1
18 963 1
18 967 1
18 969 1
18 971 2
18 976 1
18 977 1
18 1000 1
18 1010 1
18 1013 2
18 1014 1
18 1015 9
18 1019 1
18 1035 1
18 1041 1
18 1049 2
18 1061 1
18 1065 5
18 1069 1
18 1077 1
18 1085 1
18 1089 2
18 1102 1
18 1108 1
18 1119 1
18 1131 1
18 1160 1
18 1167 1
18 1168 1
18 1172 2
18 1176 1
18 1179 1
18 1182 3
18 1184 1
18 1192 1
18 1215 1
18 1217 2
18 1222 1
18 1231 2
18 1233 1
18 1237 1
18 1245 4
18 1247 1
18 1255 2
18 1257 2
18 1261 2
18 1269 1
18 1270 1
18 1272 1
18 1273 3
18 1276 4
18 1277 6
18 1278 1
18 1283 1
18 1288 1
18 1294 1
18 1300 1
18 1302 1
18 1303 1
18 1304 3
18 1306 1
18 1308 1
18 1316 1
18 1320 1
18 1326 1
18 1328 1
18 1329 1
18 1333 3
18 1334 1
18 1335 1
18 1337 6
18 1339 1
18 1342 1
18 1345 2
18 1358 3
18 1360 1
18 1367 1
18 1369 2
18 1371 1
18 1374 1
18 1375 2
18 1380 1
18 1381 1
18 1382 4
18 1387 1
18 1389 2
18 1390 1
18 1392 1
18 1393 4
18 1394 1
18 1395 1
18 1397 1
18 1408 2
18 1413 2
18 1417 5
18 1419 1
18 1422 2
18 1437 1
18 1444 1
18 1447 1
18 1454 8
18 1459 1
18 1465 1
18 1466 1
18 1467 1
18 1481 1
18 1485 1
18 1490 1
18 1493 2
18 1499 1
18 1500 1
18 1501 35
18 1502 1
18 1512 1
18 1517 1
18 1518 1
18 1522 1
18 1523 5
18 1524 1
18 1536 13
18 1538 1
18 1542 1
18 1544 1
18 1546 1
18 1554 1
18 1566 1
18 1573 1
18 1574 1
18 1579 2
18 1582 1
18 1584 3
18 1602 1
18 1603 1
18 1605 4
18 1618 20
18 1622 2
18 1629 1
18 1631 1
18 1646 1
18 1647 1
18 1652 2
18 1653 1
18 1666 7
18 1678 1
18 1679 1
18 1680 1
18 1685 1
18 1688 1
18 1692 1
18 1694 1
18 1705 1
18 1706 1
18 1707 3
18 1708 2
18 1709 1
18 1722 3
18 1724 1
18 1725 3
18 1727 1
18 1753 2
18 1755 1
18 1758 3
18 1760 1
18 1762 1
18 1769 1
18 1771 1
18 1773 1
18 1780 1
18 1781 1
18 1783 2
18 1786 1
18 1797 1
18 1801 1
18 1809 2
18 1815 2
18 1819 1
18 1822 2
18 1837 1
18 1841 1
18 1851 1
18 1852 1
18 1853 3
18 1854 1
18 1855 1
18 1857 1
18 1862 1
18 1863 2
18 1872 3
18 1873 3
18 1874 1
18 1877 1
18 1890 1
18 1897 1
18 1900 2
18 1902 2
18 1903 4
18 1906 1
18 1914 1
18 1917 1
18 1918 4
18 1919 1
18 1920 2
18 1921 1
18 1923 1
18 1925 1
18 1939 1
18 1956 1
18 1971 1
18 1972 4
18 1977 3
18 1981 1
18 1982 1
18 1983 1
18 1989 1
18 1991 1
18 1993 2
18 2004 3
18 2010 3
18 2013 1
18 2022 1
18 2026 1
18 2028 1
18 2029 3
18 2032 1
18 2034 1
18 2035 2
18 2053 1
18 2055 1
18 2057 1
18 2061 2
18 2066 1
18 2067 1
18 2083 1
18 2090 2
18 2097 1
18 2099 2
18 2100 3
18 2101 4
18 2103 2
18 2104 1
18 2106 1
18 2117 6
18 2123 1
18 2124 1
18 2127 1
18 2130 1
18 2131 1
18 2134 1
18 2145 2
18 2147 1
18 2149 1
18 2151 1
18 2152 1
18 2153 1
18 2155 1
18 2156 1
18 2158 1
18 2162 1
18 2173 1
18 2193 1
18 2195 1
18 2197 1
18 2211 1
18 2214 1
18 2216 1
18 2221 1
18 2223 1
18 2224 1
18 2228 1
18 2229 2
18 2230 1
18 2234 1
18 2236 3
18 2241 1
18 2243 1
18 2246 1
18 2254 1
18 2272 1
18 2287 2
18 2291 5
18 2306 1
18 2308 2
18 2309 2
18 2311 1
18 2315 2
18 2327 1
18 2332 2
18 2338 2
18 2341 4
18 2351 1
18 2352 1
18 2374 1
18 2375 1
18 2380 1
18 2382 1
18 2383 1
18 2392 1
18 2401 1
18 2402 1
18 2404 2
18 2405 1
18 2406 1
18 2407 2
18 2411 1
18 2412 2
18 2415 1
18 2425 1
18 2426 1
18 2430 1
18 2431 1
18 2434 1
18 2441 1
18 2445 2
18 2447 9
18 2451 1
18 2453 1
18 2468 2
18 2470 1
18 2471 1
18 2474 1
18 2482 1
18 2483 1
18 2487 1
18 2492 1
18 2494 2
18 2495 1
18 2500 1
18 2501 1
18 2509 1
18 2512 1
18 2515 1
18 2517 1
18 2524 1
18 2525 1
18 2528 1
18 2531 1
18 2534 4
18 2535 1
18 2539 1
18 2540 9
18 2548 1
18 2550 1
18 2553 1
18 2566 5
18 2567 1
18 2568 1
18 2570 1
18 2571 1
18 2572 1
18 2573 1
18 2579 1
18 2585 1
18 2598 2
18 2613 3
18 2626 1
18 2632 1
18 2642 1
18 2643 2
18 2644 1
18 2646 1
18 2650 1
18 2654 1
18 2655 1
18 2657 1
18 2671 2
18 2680 1
18 2702 1
18 2709 1
18 2712 1
18 2716 1
18 2727 1
18 2728 1
18 2729 1
18 2745 1
18 2748 1
18 2753 1
18 2758 1
18 2759 2
18 2776 1
18 2780 1
18 2788 1
18 2797 1
18 2801 1
18 2804 1
18 2814 1
18 2820 1
18 2834 4
18 2835 2
18 2836 2
18 2847 1
18 2858 1
18 2862 1
18 2874 1
18 2875 1
18 2877 1
18 2882 1
18 2883 1
18 2887 1
18 2903 1
18 2917 1
18 2918 1
18 2926 1
18 2931 2
18 2935 1
18 2940 1
18 2944 5
18 2947 1
18 2949 1
18 2957 2
18 2958 4
18 2963 1
18 2965 1
18 2980 1
18 2983 6
18 3003 5
18 3008 1
18 3009 1
18 3010 2
18 3015 1
18 3017 1
18 3018 1
18 3020 1
18 3031 1
18 3036 1
18 3048 4
18 3049 3
18 3050 1
18 3051 2
18 3055 1
18 3058 1
18 3061 1
18 3074 1
18 3100 2
18 3101 1
18 3111 1
18 3115 2
18 3122 1
18 3124 2
18 3125 4
18 3136 2
18 3138 1
18 3139 1
18 3140 1
18 3149 1
18 3155 10
18 3162 2
18 3163 1
18 3165 2
18 3169 3
18 3170 1
18 3172 1
18 3174 1
18 3182 1
18 3183 1
18 3185 3
18 3186 1
18 3187 1
18 3193 1
18 3194 1
18 3195 2
18 3197 1
18 3201 5
18 3204 1
18 3208 1
18 3210 1
18 3214 1
18 3215 1
18 3217 1
18 3218 1
18 3219 1
18 3221 1
18 3224 2
18 3225 1
18 3226 1
18 3229 1
18 3233 4
18 3243 1
18 3244 2
18 3251 2
18 3252 1
18 3255 1
18 3256 1
18 3258 1
18 3259 1
18 3267 1
18 3268 1
18 3269 2
18 3270 1
18 3271 2
18 3276 1
18 3288 2
18 3291 2
18 3294 1
18 3298 1
18 3305 1
18 3314 4
18 3318 1
18 3319 1
18 3320 1
18 3321 6
18 3325 2
18 3328 2
18 3332 3
18 3335 1
18 3340 1
18 3346 1
18 3347 1
18 3356 6
18 3368 1
18 3370 1
18 3384 1
18 3386 1
18 3390 1
18 3391 1
18 3393 2
18 3394 1
18 3397 12
18 3399 1
18 3404 1
18 3409 1
18 3411 2
18 3412 1
18 3418 1
18 3422 1
18 3432 1
18 3439 2
18 3440 2
18 3450 1
18 3451 1
18 3452 1
18 3453 2
18 3454 2
18 3461 1
18 3462 1
18 3463 1
18 3466 2
18 3471 1
18 3483 1
18 3486 1
18 3488 1
18 3490 1
18 3493 1
18 3504 2
18 3512 1
18 3522 15
18 3523 6
18 3532 1
18 3547 1
18 3548 3
18 3549 4
18 3550 1
18 3585 3
18 3603 2
18 3606 1
18 3612 3
18 3626 1
18 3627 1
18 3642 1
18 3643 1
18 3646 1
18 3647 1
18 3649 1
18 3650 2
18 3652 1
18 3653 1
18 3654 1
18 3673 1
18 3680 1
18 3683 2
18 3684 1
18 3698 2
18 3699 1
18 3700 1
18 3703 1
18 3719 7
18 3720 3
18 3739 2
18 3741 1
18 3743 1
18 3744 2
18 3746 7
18 3747 1
18 3752 1
18 3753 1
18 3754 1
18 3755 1
18 3760 1
18 3763 1
18 3764 1
18 3772 1
18 3773 1
18 3775 1
18 3779 1
18 3780 1
18 3805 5
18 3806 3
18 3807 1
18 3810 1
18 3822 1
18 3825 2
18 3826 1
18 3828 1
18 3832 1
18 3833 1
18 3834 1
18 3836 1
18 3838 12
18 3841 1
18 3853 1
18 3858 1
18 3859 1
18 3861 1
18 3862 1
18 3863 1
18 3864 11
18 3868 1
18 3869 1
18 3878 3
18 3882 1
18 3887 2
18 3889 1
18 3899 1
18 3912 1
18 3915 2
18 3925 2
18 3930 1
18 3934 1
18 3935 1
18 3940 3
18 3941 1
18 3942 2
18 3971 1
18 3972 2
18 3976 1
18 3979 1
18 3982 2
18 3989 2
18 3993 1
18 3994 1
18 3996 1
18 3999 1
18 4000 1
18 4003 1
18 4004 1
18 4009 1
18 4010 1
18 4011 1
18 4014 2
18 4021 1
18 4026 2
18 4031 1
18 4039 1
18 4043 1
18 4046 1
18 4047 1
18 4049 2
18 4051 1
18 4055 1
18 4061 2
18 4066 3
18 4079 1
18 4083 1
18 4084 2
18 4085 1
18 4086 4
18 4095 1
18 4100 1
18 4102 1
18 4106 1
18 4110 1
18 4113 1
18 4114 1
18 4116 1
18 4123 2
18 4129 6
18 4130 1
18 4133 3
18 4134 3
18 4135 1
18 4136 1
18 4142 1
18 4144 2
18 4162 1
18 4163 4
18 4164 1
18 4167 1
18 4185 2
18 4186 1
18 4188 1
18 4190 3
18 4191 1
18 4192 4
18 4200 2
18 4201 1
18 4202 1
18 4205 1
18 4212 1
18 4214 1
18 4221 9
18 4229 1
18 4233 1
18 4234 2
18 4243 1
18 4245 1
18 4250 2
18 4253 1
18 4256 1
18 4258 2
18 4259 3
18 4264 2
18 4269 1
18 4270 1
18 4271 2
18 4272 1
18 4273 1
18 4276 1
18 4288 1
18 4293 1
18 4294 1
18 4296 1
18 4297 1
18 4307 1
18 4308 1
18 4309 1
18 4312 1
18 4314 3
18 4315 1
18 4316 2
18 4317 2
18 4318 2
18 4322 2
18 4324 2
18 4327 1
18 4332 1
18 4341 1
18 4342 1
18 4343 1
18 4347 9
18 4348 1
18 4349 1
18 4357 1
18 4363 3
18 4364 1
18 4369 1
18 4376 1
18 4377 1
18 4382 2
18 4388 2
18 4389 1
18 4395 1
18 4403 2
18 4404 4
18 4406 2
18 4408 1
18 4411 1
18 4428 1
18 4435 1
18 4437 1
18 4438 4
18 4439 2
18 4448 1
18 4449 2
18 4452 1
18 4453 1
18 4454 1
18 4457 1
18 4463 1
18 4465 1
18 4470 1
18 4472 1
18 4485 1
18 4489 1
18 4490 1
18 4493 1
18 4502 1
18 4504 1
18 4506 1
18 4509 1
18 4514 1
18 4519 1
18 4520 1
18 4530 1
18 4532 1
18 4536 1
18 4542 1
18 4543 1
18 4549 1
18 4551 3
18 4558 1
18 4567 1
18 4569 1
18 4575 2
18 4583 1
18 4584 1
18 4593 1
18 4594 1
18 4605 1
18 4607 1
18 4609 1
18 4610 2
18 4612 2
18 4620 1
18 4630 1
18 4631 13
18 4632 1
18 4633 1
18 4640 3
18 4647 3
18 4649 1
18 4651 1
18 4652 1
18 4657 2
18 4659 10
18 4660 1
18 4662 2
18 4667 1
18 4671 1
18 4678 1
18 4683 1
18 4685 1
18 4688 1
18 4698 1
18 4707 2
18 4714 1
18 4717 1
18 4718 1
18 4720 2
18 4732 2
18 4735 1
18 4736 1
18 4743 3
18 4754 2
18 4757 2
18 4758 1
18 4759 1
18 4760 1
18 4761 1
18 4764 1
18 4765 1
18 4773 1
18 4785 1
18 4786 2
18 4791 2
18 4804 1
18 4811 7
18 4813 1
18 4823 1
18 4833 1
18 4835 3
18 4837 7
18 4838 1
18 4849 1
18 4855 1
18 4864 4
18 4868 1
18 4874 15
18 4875 3
18 4876 4
18 4880 1
18 4885 3
18 4887 2
18 4888 1
18 4889 1
18 4893 1
18 4897 1
18 4900 2
18 4901 1
18 4902 1
18 4905 1
18 4909 1
18 4911 2
18 4912 1
18 4918 1
18 4920 1
18 4923 1
18 4924 1
18 4926 1
18 4935 1
18 4936 1
18 4938 3
18 4939 1
18 4941 1
18 4959 1
18 4960 1
18 4961 1
18 4964 1
18 4965 1
18 4967 1
18 4968 1
18 4970 2
18 4979 1
18 4980 1
18 4985 2
18 4991 5
18 4992 1
18 4995 3
18 4999 1
18 5000 1
18 5001 2
18 5002 1
18 5006 12
18 5007 7
18 5010 1
18 5011 3
18 5022 2
18 5026 1
18 5028 1
18 5033 1
19 2 1
19 28 1
19 127 1
19 182 1
19 210 2
19 227 1
19 229 1
19 239 1
19 274 1
19 282 1
19 287 12
19 290 1
19 299 1
19 318 1
19 319 1
19 322 1
19 329 1
19 334 2
19 363 3
19 369 1
19 408 2
19 424 1
19 428 2
19 441 1
19 442 1
19 443 6
19 450 1
19 461 1
19 510 1
19 511 1
19 512 4
19 517 1
19 527 2
19 549 2
19 551 1
19 558 1
19 559 1
19 565 1
19 577 1
19 578 3
19 598 1
19 606 6
19 644 1
19 687 6
19 762 1
19 774 1
19 789 3
19 795 6
19 797 1
19 798 1
19 824 3
19 889 2
19 920 4
19 945 1
19 958 1
19 959 4
19 960 2
19 975 1
19 985 1
19 1001 1
19 1040 1
19 1047 1
19 1053 2
19 1054 2
19 1055 1
19 1065 2
19 1079 1
19 1080 1
19 1108 1
19 1172 1
19 1174 1
19 1188 1
19 1195 1
19 1210 1
19 1217 1
19 1220 13
19 1252 1
19 1253 5
19 1255 1
19 1271 1
19 1272 2
19 1277 1
19 1279 1
19 1304 3
19 1305 1
19 1310 1
19 1311 1
19 1325 1
19 1327 1
19 1358 1
19 1366 3
19 1374 1
19 1375 19
19 1376 3
19 1404 1
19 1417 2
19 1422 1
19 1458 1
19 1480 7
19 1506 12
19 1513 2
19 1528 7
19 1559 1
19 1561 4
19 1562 1
19 1564 3
19 1593 1
19 1596 1
19 1609 1
19 1618 8
19 1628 1
19 1629 3
19 1662 1
19 1705 1
19 1712 2
19 1725 4
19 1727 2
19 1734 1
19 1780 1
19 1785 1
19 1812 1
19 1822 1
19 1924 1
19 1925 1
19 1972 3
19 2010 1
19 2025 2
19 2027 2
19 2029 2
19 2035 1
19 2051 1
19 2060 1
19 2071 1
19 2073 1
19 2087 1
19 2117 1
19 2160 1
19 2183 1
19 2192 1
19 2194 1
19 2195 2
19 2212 1
19 2236 3
19 2269 1
19 2281 1
19 2291 1
19 2308 2
19 2309 1
19 2342 1
19 2368 1
19 2412 1
19 2419 7
19 2421 3
19 2422 2
19 2447 4
19 2452 1
19 2503 1
19 2505 6
19 2513 1
19 2514 1
19 2515 3
19 2516 2
19 2527 1
19 2529 3
19 2568 1
19 2571 1
19 2583 1
19 2614 2
19 2644 1
19 2656 1
19 2666 2
19 2678 2
19 2691 1
19 2692 1
19 2705 1
19 2713 1
19 2725 1
19 2731 8
19 2744 1
19 2761 1
19 2769 2
19 2771 2
19 2789 13
19 2790 1
19 2826 1
19 2852 15
19 2862 1
19 2878 2
19 2880 3
19 2881 2
19 2915 1
19 2917 1
19 2946 1
19 2977 1
19 3015 1
19 3034 1
19 3035 2
19 3044 1
19 3048 2
19 3092 1
19 3113 1
19 3116 1
19 3122 1
19 3154 1
19 3163 1
19 3183 30
19 3209 1
19 3212 1
19 3223 1
19 3225 1
19 3247 1
19 3265 3
19 3314 1
19 3319 7
19 3339 1
19 3346 1
19 3355 3
19 3363 1
19 3374 6
19 3377 2
19 3387 1
19 3388 1
19 3398 2
19 3440 1
19 3464 1
19 3494 1
19 3499 2
19 3501 1
19 3505 4
19 3522 2
19 3538 1
19 3561 2
19 3573 1
19 3575 2
19 3579 1
19 3583 1
19 3596 1
19 3615 1
19 3635 1
19 3701 2
19 3719 4
19 3730 1
19 3744 1
19 3747 1
19 3829 1
19 3866 1
19 3869 1
19 3875 1
19 3878 4
19 3893 1
19 3917 1
19 3928 2
19 3941 1
19 3957 1
19 3961 1
19 3982 1
19 3984 1
19 3986 1
19 3988 1
19 3996 1
19 4004 2
19 4026 1
19 4046 1
19 4076 1
19 4083 1
19 4109 1
19 4124 1
19 4132 1
19 4161 1
19 4170 1
19 4194 1
19 4195 4
19 4196 2
19 4198 1
19 4202 1
19 4204 1
19 4205 1
19 4207 1
19 4215 1
19 4222 2
19 4234 2
19 4284 9
19 4285 1
19 4294 1
19 4343 1
19 4347 1
19 4368 4
19 4380 1
19 4396 4
19 4409 2
19 4441 1
19 4458 2
19 4459 1
19 4510 1
19 4545 2
19 4575 1
19 4579 4
19 4597 1
19 4610 1
19 4625 1
19 4631 2
19 4639 2
19 4647 1
19 4712 5
19 4729 1
19 4778 27
19 4789 1
19 4811 15
19 4819 2
19 4835 1
19 4837 2
19 4842 1
19 4847 1
19 4848 1
19 4851 2
19 4858 1
19 4864 1
19 4867 2
19 4889 1
19 4893 1
19 4898 1
19 4912 1
19 4913 1
19 5006 6
19 5011 1
19 5023 4
20 67 1
20 174 2
20 227 1
20 252 1
20 286 2
20 287 4
20 295 1
20 317 1
20 481 1
20 511 1
20 583 1
20 620 1
20 628 1
20 645 5
20 797 3
20 811 1
20 836 1
20 905 1
20 948 1
20 961 1
20 987 1
20 1000 1
20 1065 3
20 1091 2
20 1106 1
20 1130 1
20 1133 1
20 1183 1
20 1256 1
20 1303 1
20 1305 1
20 1310 1
20 1417 2
20 1422 1
20 1457 1
20 1480 1
20 1505 2
20 1618 1
20 1673 4
20 1692 1
20 1701 1
20 1726 3
20 1727 2
20 1758 1
20 1799 1
20 1865 1
20 1899 1
20 1950 3
20 1964 1
20 2010 1
20 2024 1
20 2035 3
20 2117 1
20 2178 3
20 2183 1
20 2206 1
20 2236 1
20 2291 1
20 2447 5
20 2448 1
20 2460 1
20 2533 1
20 2563 2
20 2566 5
20 2623 1
20 2645 1
20 2724 6
20 2742 1
20 2758 1
20 2810 5
20 2870 1
20 2898 1
20 2905 4
20 2962 5
20 3032 1
20 3072 3
20 3202 1
20 3307 1
20 3361 1
20 3375 5
20 3376 2
20 3390 1
20 3414 1
20 3439 1
20 3480 1
20 3489 3
20 3504 1
20 3515 3
20 3517 1
20 3521 1
20 3527 2
20 3528 5
20 3549 1
20 3597 2
20 3617 1
20 3719 8
20 3744 1
20 3747 2
20 3801 2
20 3802 1
20 3831 2
20 3839 3
20 3864 1
20 3883 1
20 3914 3
20 3959 3
20 3965 2
20 3984 1
20 4022 1
20 4089 1
20 4101 1
20 4107 1
20 4108 1
20 4210 1
20 4267 1
20 4299 2
20 4300 1
20 4347 1
20 4396 3
20 4441 1
20 4471 2
20 4597 1
20 4602 1
20 4605 1
20 4792 1
20 4815 1
20 4816 2
20 4837 1
20 4885 1
20 4889 4
20 4893 1
20 4901 2
20 4930 1
20 4961 1
20 5006 2
